402951010
775306356
648775043
624738436
779825166
31141347
373583889
786618713
64914290
203600551
977790768
180689517
834063337
529601666
876423595
651448266
359168568
460110395
862565214
421378118
729344153
717567303
938237546
138909134
525402889
704502487
469544843
843690962
827408319
429291452
985398876
529807417
537377046
509824743
643754405
93459101
113028037
603406110
894755911
802874096
482051312
675883159
24884920
364940238
873617006
239952048
299369758
731447682
789371470
919790786
934092597
933783904
94391610
447351648
55478539
250216118
417644865
69799179
130201720
729339945
1705988880
618701416
933446796
19934614
256146748
815378084
387095247
560926476
988500828
522439249
980296651
135787088
793950863
676469738
331412238
342311896
1220122230
99351637
317841607
858756940
421451549
981046238
21329736
1392814445
982439927
161093052
1357350829
269702074
828693636
508289671
930373507
372484985
677165791
415407340
903660631
487957806
1654424937
977295565
606986092
573276140
275478522
76819534
280679873
656887024
1604228868
399458671
988984460
606991116
156929503
89935849
802814529
560178744
643646739
344985682
565967238
822798137
312647573
967103335
252957347
672865019
271353308
942941899
715637634
281518773
638512558
447025371
811400997
708821101
2658225
35684241
795713914
299712158
703941965
562489882
672923470
502278257
174972110
1310860159
987497531
881546835
454639604
763340689
373751381
823288309
983769136
1241412724
68458992
219022882
490418752
94410891
486043962
8080138
547452454
102395207
102789912
367950647
677246979
324833517
362524278
770512332
510666984
179378856
52671660
382914025
402810477
870562619
867577402
882910286
66796874
314425516
457769443
275213692
913261803
366338701
470872033
612027570
770657890
896163430
433219122
567109271
182651730
994288543
301112429
884940311
107229778
865170303
183639215
450508166
953580264
440316606
559339213
9474670
115893366
606576841
417758303
179095017
744727014
835880386
637831280
786156739
521874197
24818065
418936604
129950857
524503914
616742550
280891976
931216753
279054874
941506389
561553742
327355753
413939329
903092087
527476506
846934462
238106684
239138016
95207933
968973173
484001563
895414825
257551236
415738482
163341718
561409829
109441283
820669642
759786818
385261285
527644561
38429664
870451155
153549625
696177656
14976268
965033956
472277376
476296836
145586226
42816447
873450188
146969314
305471931
278081903
797251634
11924652
152633511
634932098
482202195
721730229
901890440
488610454
890229694
476446337
359923570
635779630
10274739
899753661
469139733
955236697
255168759
270800629
131334050
33950547
832279940
891946551
150899333
567251281
921330670
421998662
520345531
939951337
581369202
592394569
386877031
356268768
879866181
792352302
472385298
80297068
673492663
967291750
152197228
961811432
328060917
927280778
626045487
637751847
135151110
497127377
684720634
933720898
583386516
803358498
391237959
836857053
414495513
581294582
981771125
669700752
246718618
963079105
925854207
329185282
581118437
12927476
958602933
191675114
196803244
658911816
50749393
398125504
606679196
521554396
203042375
124772484
807750453
102518464
67446931
202813159
776987960
344280630
70313715
357193233
895732150
80981996
279859342
698494343
370106565
182822705
344712688
545388625
227436251
777673323
139411587
945573423
970812583
121106306
347268282
83246949
665534900
607249761
748191748
801943848
120717712
201042806
161927088
900383727
255001653
725609018
29293606
796010263
105591733
655263439
597775710
880538336
178397041
297234518
611703396
806643520
157163280
493115734
689967593
897156632
196077168
427327746
68274325
106787229
885947730
973576577
342777071
664258584
239543462
594018500
314897591
132581615
975916701
423148073
269722666
91047341
441830749
831948561
198575712
770613473
796027160
954221724
91663572
91017209
333268723
44696659
891943229
390300948
733389261
676940997
360222846
896421029
331260588
668408473
59933157
49597502
912760381
522122041
231728312
8855036
455390801
93008977
310182604
448519839
77400641
230409637
926014583
832870246
40853177
179800674
112357079
456286496
14072521
156255689
58253085
206808225
485949921
357018809
720769516
167961112
649748362
885701591
783832920
591571038
173337895
943649985
38422117
580718889
901901282
216227001
977702268
131670741
279192423
345927417
720551427
119350364
110378176
793496643
231731809
378204904
884186097
907706514
930477525
993235823
21151013
546175042
77967567
912646603
670888041
699443552
784635649
440232422
691033595
247948319
473524627
955250776
795308700
502512007
271739083
137380916
99262555
556031515
924441167
606757228
51535601
320124922
300874438
462138705
229123242
970251557
199929842
11708588
568177625
203512334
924912275
978948788
903783851
302424452
984761111
782493803
14222450
217909739
772069145
772126181
91079149
840421996
567357259
828823912
612737038
932363827
77777123
144804151
784553914
783656102
950390186
221796025
275299510
607760189
465859953
764409097
226608101
636797114
942327315
571688807
442931185
340341111
214926536
769669650
851878489
250170495
319970266
45598119
747307933
306485197
622086606
26387170
928391536
873986223
970339204
510440126
126734437
794556601
376294612
128485443
692695220
928537518
845966405
554805244
266408871
987126723
98967331
408809337
982041471
963249660
412074933
27903176
409803195
680005710
581901708
76969352
484771438
489322848
958053806
559077852
449119568
781212000
243426670
992561408
347088872
289722864
412739943
606290133
17945855
944879522
474730650
2672733
312741498
390609742
624315764
538096084
993484158
485255157
811271702
709549783
37974008
832085629
498634413
217521302
562376399
328802825
344179517
961550362
599017260
197736573
782560016
322676600
448290644
296165226
827508540
605877545
205325869
226662630
908675730
196162092
11640736
136174519
516078033
483946112
439758311
991613025
981424779
985626719
725920934
177078233
715442437
664668047
589031263
489918551
132415405
317764651
857848184
1033802199
813406433
452276602
16616580
914746440
724801752
782201340
322190293
879442745
471754812
742505264
167009072
119647632
560672580
297481849
948351812
975577824
106290060
792503129
7343122
657265256
213345664
87243097
691397472
580611234
321462438
130848277
629419381
115102756
971542859
18225162
65276225
327665898
981984485
780147358
1023348002
945822634
616240727
166566753
198923301
334332066
791490272
178148393
537118687
769345497
45245791
600799536
801571537
73399745
225115269
842059862
451660561
302014254
606184894
747658180
798364426
683255247
240070238
1711250308
487078512
633659550
583696685
653970181
576813253
711474740
543377469
2733105
363136209
326019288
116975367
280188092
708821647
563932969
113759767
980738068
866829267
165886432
350376594
890811263
771973621
940950535
998279692
625111282
215733760
309232810
955600027
229318653
643110322
30602042
788401810
280381392
384266712
987623603
380760145
753921367
247591357
439105609
439576098
824080690
139226357
182210313
305787435
429723545
637111631
913175425
21222795
143970760
66037725
142989114
10878601
686089763
294304212
163447171
785311977
817143768
484844807
777177585
526512246
270716402
297595506
719527562
816426396
915956957
664392353
22435992
264281784
69699045
655387728
704976330
381246896
848304307
341192487
628227292
431346122
327351799
716084604
147405896
880932484
645605663
42618097
495833533
299408968
842519019
746671167
188857871
271768014
614996056
195141350
40230814
493703738
129922140
631067566
828459021
798748251
966862154
79821420
917793951
100820599
952618038
686903459
57950337
72884137
685340372
400952760
703185165
161142772
736383846
610373209
654352403
320262
164851423
946723292
810421213
490460451
253114504
927913264
980597019
930305921
945146372
227495687
235445643
663597355
406282358
417734944
9003672
175247774
123527758
266085550
639372082
321145475
593256875
448597497
459005976
801015245
748131984
775311111
319748759
801839647
913507173
505965594
310881201
487665436
498126466
415289235
774436878
57185137
472208113
172696339
31386572
463774895
647167387
601976262
654872113
413000244
302456455
387140398
345641261
740787171
782824322
267743955
985295645
49834772
258106959
360251360
948859230
270484094
241125078
434792354
902166171
18147321
316927774
374012293
761756253
664330980
292477420
530078239
963091954
115552887
593033968
890815101
124499056
877231027
795372736
889403351
847069958
98106502
745918655
756398013
349709615
862776222
651706436
565198058
618280297
248140071
241555182
496560590
18297504
269948954
1703330046
514200820
749055662
366744359
564666063
773681745
43247295
164504439
104852022
740541240
621814828
278279183
605157766
213670188
396233092
791369779
747057743
244767297
568638222
64333574
449485581
357425394
365399612
23312142
20747647
720335307
902419407
89960318
267469918
812116476
841628410
639545872
839926893
395062068
623497547
874769248
25604394
798736662
154863339
568535060
45166402
627016365
526507701
455221254
1526032
291261874
188021513
1457316891
662456087
805264385
881480494
795454348
803149389
695263978
161767125
421843791
531451541
304009690
344452832
155295990
924772757
732598315
569105630
171424394
51931055
628044511
825903661
609886521
289647545
480926187
489674772
316259132
745545902
821214375
684087410
227294042
651056110
172113099
821009977
990215712
815486968
33375700
409588278
681022661
850831335
961836963
203433814
719416037
166732074
297646834
620526933
553707740
237593543
249552031
311583491
379680676
684864641
249029929
248372842
645132706
394336142
249195857
98486460
979622791
921825465
584057102
234988046
899238768
646261825
506119105
12520744
955428005
837385649
862270170
632086572
638828762
392991087
76866560
488902579
987160015
652818059
814679601
634757603
787680386
229036535
577255827
255913448
296532643
919954452
457424881
986265225
263230544
950203987
633194520
5716964
47094488
702129849
310675116
166994301
983918050
105966329
781479610
459274150
867240244
765166438
114047583
612373901
937685990
290416237
334268623
318744713
868559523
319675909
671558562
522351210
424803640
770034448
96727662
249648731
338826929
661250643
596679560
848414530
829689358
246294061
483181840
62648444
66367449
342380101
488940715
371503361
697992
112559187
456539527
524048605
566954876
787573443
129344477
39056747
397175426
799106866
785316254
701547559
165509663
176970167
667042066
879882083
2364046
453399723
216606540
910401729
153963485
458784962
974705548
91127058
755971812
692621861
313022552
800474149
815227927
421751569
865736770
707198147
731031516
706074381
775517878
626113008
716628024
311028910
627017753
825690304
950853977
1545987648
131336139
595324521
639210245
478118760
992852012
515026958
952610936
765706367
463435019
144445082
776124821
605448636
52027410
483184028
481878535
122988253
465623713
576076401
884726741
297887427
471095796
549299177
233470090
7808933
164426053
688085344
469671455
439677989
717978873
980476992
255514563
981899988
796825261
848888512
965839108
583059776
481225306
799682020
10379570
417323022
76159378
324613103
708583122
494872338
552694018
838184537
545243021
687956949
385529679
854806174
902098123
235979135
231548651
941722164
497264987
486190098
911526356
30436436
359087178
282634224
905870579
362757320
609400067
645037794
96710604
328088708
334949349
281680109
534941940
784431555
304091174
995258007
602629132
23402589
318557564
717468019
523423047
264229150
401115458
86689860
202574637
198411268
146542932
147052625
774279586
808277030
203022827
832161493
109092712
267679488
808686256
662898286
817014233
189477261
962628808
970501766
366017462
673311137
791497891
468920282
175138873
827364132
870200750
506293684
537693479
877318696
425034233
466873165
462797218
16704857
434643113
221622036
405663818
23905149
932625882
989002682
871677787
124266668
137102701
663468574
637736084
261017664
568572451
692139033
212389818
702023803
153002305
996185484
365817109
641413802
822713644
419190311
31637079
367020244
908148481
180059647
24101901
506328921
420148577
64454756
490227236
528715866
84298786
895472650
905448894
226471679
178963728
283404478
387542279
558523181
720502146
440376211
38626297
219650438
152802246
509486889
845147377
141737689
169842433
295415177
458164043
137113774
839262480
587582977
922258835
724518425
609295275
954794263
420713986
901811876
554054563
38658023
290169401
409825491
2087992
909439115
496341391
46621098
11868769
192305444
47033921
716770666
354564910
97077302
723285075
491485871
909752024
956324012
354711760
974692869
362974943
8466637
922429150
619771367
171855797
751066688
954373527
354387122
747464662
647002959
814350133
805529389
812740635
221476323
711737302
147014748
22598702
932474809
374113785
225831834
439035007
972359897
365547624
393139377
678690850
601518166
404676096
954353268
935774115
95637225
696265301
435515886
65238923
418525828
88483248
306866099
737387201
928868103
543144526
157204055
149844701
468013033
492338776
735851441
537439601
553334359
828407117
170169704
847330375
617463217
965661071
904336062
825050566
937159545
172848270
88717695
788494794
453027241
900567689
539684772
322747492
264501831
341308039
469309275
495423264
487673847
228655770
398811780
461137575
719901849
308408486
90858180
215887290
454653224
595531578
731209073
102174504
539676459
740538221
265389830
344810846
322662795
463943157
588779426
594172690
696998325
789975418
630384076
103480888
521267187
669779973
538373233
443426905
529281747
2578740
726543520
255744954
386916416
1463276921
176208072
29914553
301418432
409607278
557087145
405652701
804993330
138015705
449383461
353551988
473225315
129500554
207168405
558137985
689394749
714844804
668595379
27015784
772560149
444774678
844195109
875981604
339454669
250031714
610324457
211747402
138176827
935254877
182209360
27164061
619064056
631730661
46933601
943293727
185800968
139380319
199406942
671929864
174777767
67958240
461004460
325057073
160362128
959618863
929601105
106353653
722941716
179480974
369582797
540811554
570870341
120398879
967842055
105548053
471125599
96990452
16751790
559586306
509629920
778101370
961892137
582396580
29731760
255732042
153611525
227442486
865103454
482007313
612272594
148829431
421130444
698815499
690093859
826485344
495134370
271805393
26621638
517948361
575385676
584858910
867767059
929634028
110754486
522127805
994807499
415508431
844138713
734232414
402187848
428887077
608599818
941157084
433695337
235722977
598994274
560207416
409261488
984025714
176455605
306619175
652484187
991632628
373577549
802099783
80967815
95510763
865474793
464697620
808164394
607603470
602026565
543268175
625476462
788362859
860377087
572457383
303682037
445909852
553206148
982532993
248592743
325003448
466391326
294390486
649860047
13133611
933763494
344579776
642793063
502492823
207779910
166882868
45992426
815461513
474944131
625819830
942994032
282730562
166973488
617910842
686129594
624791914
774361624
108731913
621430667
458874486
405408000
846012367
809420915
282421411
979658643
699210004
450852520
354172622
411246825
811462808
802171676
37080616
594514172
339541030
9135823
93549178
565005132
558489160
228766892
111942824
28729806
552739289
252012513
889715681
350944886
446653321
705215144
830698199
164268450
638374148
222527802
884704171
363851039
595617466
177006172
999502116
581513635
155960431
118201925
194267171
364736620
656179483
393903843
640750305
931047320
882032399
731326507
30399574
855203446
761141661
967418322
958446445
585236835
651905040
455561253
184485787
376091256
770665234
163982166
914490464
462189588
975706219
6955829
33377424
874731673
948017897
772176072
348168624
703821931
718618345
224777755
637893821
938412861
240108503
454912697
521733496
577448266
762603325
639053665
832016139
719185429
547773016
407957156
395594723
480937247
468292972
707121413
644284576
155194424
498825446
320395203
536991633
466190313
328286755
255742012
665984911
200906298
312767351
355525382
913909357
690533952
520182490
958333730
770354624
312342999
870515578
823369958
691401275
427397266
725652763
560843276
110699382
695428016
108131765
802860561
319775774
959250564
246906523
999400822
162372973
341791907
291062100
124771989
618044652
563471214
65484243
184281306
680735141
266794114
149407482
29830470
896125775
433288830
80404612
148426215
492662815
903060059
626079453
64400120
636759950
204743817
879076402
223221110
253974367
185365175
311861957
324963647
943656679
968147281
585857215
369683248
688750838
765127595
876495939
946710181
270355499
744485363
672060667
682297795
177524847
57804217
711312922
107777241
280916033
96239019
615397783
155301324
508641931
595077930
398265745
709107838
355827127
763860481
167623320
740068229
798250
925120992
815657763
669726321
105114865
180396891
300674594
862026802
272229892
914302417
701920963
438769268
299894409
712830911
222305318
614000662
330452610
440983572
139817305
780041947
290880962
193338616
318036443
674603393
618805903
947814684
581754145
766648138
116430219
426840649
116952171
400902888
177312868
835194923
278957448
95286501
711151165
56389719
586924851
51758098
615584175
758192419
141608298
598726861
855732650
780541087
148863148
343280798
55693696
839620573
574968069
109556910
664875804
340283882
269600873
563395627
123668062
153288502
632335098
322255061
802664402
674418515
637337980
4054734
493424991
443028284
290905308
588542664
943075677
69257087
788912153
818766832
120259648
391384647
517789781
288397429
468691247
494423969
180800885
583492571
868709887
901433816
291574487
829644785
338402187
582568036
233534969
871892006
288139635
457804922
272616074
223011506
331658119
913610191
64829802
946853747
85624581
438703256
765856794
497126640
652031270
805975210
696865050
61289567
531564238
723472007
647651005
368379860
516048002
330336873
229673446
371568163
805853776
776908317
297169513
32302357
646314149
186879302
242336146
194079540
972033822
134860895
229072460
223379798
544168754
696622069
184359229
311650210
805629392
139905558
358238364
694740061
761744318
983403978
323423956
835637524
736976781
978466450
978412988
728698435
635300374
117934291
385696958
406757258
1186671393
963674508
504919783
338667755
318417915
340823737
563985909
997617170
824218036
635147395
434927583
674815784
242992297
151716068
550451348
801392848
962432968
189090277
526963306
399178
528510911
652001955
296389463
954043406
1286680395
987021125
241491806
615985963
659877474
83608934
148633862
982556117
250301625
882745407
74801656
6937956
960005678
56876421
763013053
651774073
603487645
795578570
417253845
165024809
275237929
520888919
50307439
796675691
351358075
67002000
329888581
549040612
798363147
332729762
440534902
38946026
644436743
998756877
309692255
888874161
662382423
802205138
778766743
45663729
481018638
265607971
992303749
178934485
60532617
825173126
975877272
275165188
930484966
495746565
182817692
59339074
952268002
302232617
632714388
432756907
313306284
858361757
962529321
200438601
547603583
93618310
420767169
958619162
93507620
451072783
332359430
480026753
110037621
666848618
5773745
211823429
672933002
810985692
733799983
400867630
776842744
183728524
669871366
473844899
361228361
115124507
728187228
559154193
255810345
954433136
219577735
16798726
654292925
401105532
764090876
167676976
376716888
271304400
372919903
777326774
298952800
706039137
195387580
641768368
288111890
28364463
197614573
76669827
190880967
378088997
354775697
890719539
228458662
408464940
511022428
917270922
766993281
597181088
797107704
615140979
651147859
456323632
226434916
525456686
684374112
51129589
793871714
705401866
71020757
532824717
993472980
378828370
675699524
348566911
145669981
853078383
604440634
254902512
295346244
708258667
297277046
723912976
535928307
648818424
816010811
299912404
81534268
260280541
170268212
843592656
178964731
651465637
599539160
583588189
159120249
789335075
731882813
364557746
822705348
455798769
211628142
413352610
655860910
54537954
692374460
858394680
491463524
252879025
788742043
314136660
916981725
929659327
624615600
418088823
179673836
988632940
412384266
990495940
557774796
888507332
950292701
715491519
314882498
388623583
874963127
582695142
848037953
355420727
230500985
445501574
257808933
673329184
686844668
335897068
87988686
224521770
894912694
278162163
506248212
239715122
448385774
463273456
897110142
868733567
162265411
144186425
860786499
535058467
784409009
218790932
585890279
503876337
11186672
427488980
235787413
878722585
685737157
47004117
265354202
171312359
266878927
350633855
61325680
275671473
349749753
374895192
618246905
548867541
416272085
856312076
824693322
672652686
293750678
928316191
376325174
702723068
685403316
259884112
325823519
439973509
607823973
257968425
74710697
961178921
832046191
68699930
490689902
454135556
701992199
667289095
468855856
183766731
1978474885
139711053
804081479
613955153
877075889
292471062
486276550
676934526
289786316
3671128
610538193
858726830
319495516
384239727
616056075
410258284
79049618
728990635
113800591
439471311
426270069
411646765
445249616
562690651
923086823
892094953
779675696
368741400
862550727
155352262
629509575
859066306
399724569
698883326
476539310
1208549171
567208825
826726136
493662342
531077132
338191553
582838876
406644037
124164814
25939199
169243456
527564228
601222419
905853787
837287621
806162550
845948887
165926206
656386289
151877963
391093052
839655138
687036991
37032124
424399631
842317011
331395350
120359615
484880582
339285369
605459220
967209536
72398431
239800918
346001314
747653319
416631950
704161883
254847220
169394148
137001717
995779520
92635266
991351371
309380643
91465850
375840460
63368456
363182385
815844937
383903760
149510649
653123863
712895280
934163502
815786489
268203092
285550661
551731727
85448343
120721223
159585587
838363227
772369105
709550696
120916325
810399628
753637533
948978774
229165521
866372587
272450410
165617095
918329232
906565045
445026786
400382335
736536261
320120048
268346610
927247658
889901070
558129631
929257908
948433726
668296590
700854867
964841930
346199853
8847520
576884550
229999501
762825160
37848493
38672906
197705038
794891590
730950185
750057269
423993926
329015525
313944047
242155844
270627536
778226309
318066491
270042596
572155968
133031720
984324936
962078364
773193956
702083606
40504061
645458329
571632798
936058709
460075537
196559689
306873098
236899755
511882707
451388925
425040546
763183849
397389576
495329024
61836671
76640566
93183885
614608038
788561925
607842813
99282339
900724547
744624802
782663475
490704271
57217610
362161301
330589113
204933842
215100254
697078666
328696966
725237405
549005519
985842475
802927465
494508446
920879336
788898044
222020012
897617837
976793292
847191468
933005064
528533788
768247484
142247403
708327700
273348417
793147952
270197709
196253133
808698185
366086160
198720798
424247067
734696337
856372220
95421191
23806020
611366246
105262025
290013304
514609860
434506101
679992192
574233727
515753989
790548441
765564924
925162861
392108485
832202689
879576548
586631517
458372974
451316889
745998064
517564692
463984578
986207712
703996611
616148143
606983121
373352565
865427181
737189425
182124497
613998556
876160959
204435074
321461688
692322931
615734349
335415149
80743579
221008261
214086463
597610777
251711242
607297199
950518026
605697964
725200812
463828733
115634431
205393765
1457346467
532982271
81242034
461592625
123567190
689739511
858143014
49334884
52240138
476065607
173077190
261219398
130478885
571040141
62114175
210330730
255959597
1631826708
300991278
391391122
988343531
895926166
409288379
97822065
649205321
977382544
527259646
882718236
407134701
986421851
885128220
543109163
358583080
735062363
150912134
548899099
832196176
660273176
342003342
234135582
359682031
871280734
75711071
817737370
263572798
791194047
76003649
491352678
303891296
105081595
903239736
566748705
851944210
599462096
82929655
155616862
406875345
856791197
949915556
685070505
624687046
852764209
113476363
275929868
880000339
642956184
335824029
591373515
222156468
243964945
93976346
967040444
824473666
490914385
985657275
479193063
897754931
393018628
501912358
180376962
588551781
404527572
325322925
497469638
647833732
672090705
794256654
60177730
852590199
210157981
380640474
35977416
787559159
303971662
779090040
180384500
809265044
888164582
209401769
845932481
164024642
201671326
699098357
882095533
890122458
759730776
921900234
264154463
742779392
152532877
864256929
728342703
914906010
646174328
540371470
967813569
294840503
166254583
169193888
690111435
388041031
869178860
295018090
2862830
654604668
474156038
478936865
539614886
907859489
691195307
297256374
897781283
50686790
720347123
705129517
347898050
977933441
784747223
863446051
598227340
134911441
766984292
342490453
163243801
834635932
543384986
110037214
630230392
893313752
781301257
792213622
56907041
515856426
258156711
518896002
776600415
469806378
21848222
238259250
1346914670
986154839
102575119
506306467
908257083
672456041
394434841
829494464
936233909
509888161
370865420
129357395
690444626
526703759
546915318
853272451
818688804
103272413
406863025
225569434
203324176
153063472
971046854
119038798
343272498
688653307
1751773616
993148064
779324393
642922270
738198219
424503114
326800265
271796224
470487705
48712469
106643021
176567995
223376990
572672987
906381472
154346458
43560319
367924895
649820688
729021440
881365493
146446694
625437014
835583986
224525925
510769730
616607764
907035292
801122990
257286001
73542315
396304827
521635685
136290003
356525515
248660126
839397881
263853370
20932678
593695668
717818560
253660810
212263581
984025692
839803122
649194363
85535086
489563601
617107033
745878804
740192582
740307024
400282091
682555509
906766695
150246783
718728673
922109907
610651642
461188419
252194065
80004460
299984543
991288058
50420461
894220846
997799122
939728826
228654662
905124104
755870705
92669355
153571937
980314569
10192237
920986891
455979620
181679188
476209889
433673544
557594923
327765618
672966372
495358439
234820054
646105670
391456171
685275401
143111107
55244673
133220619
577003481
432279838
328007845
886576417
329384317
690277181
84910718
42199494
936232315
455651559
358712110
987831660
290015080
643062380
203744481
164533242
92367455
372215133
885393912
240395918
851292209
638473929
484864566
952298707
299845552
241159857
539453635
11403886
221768082
302621453
423210155
85479288
912372968
888936680
76921729
41035265
485003572
914032817
24147159
23555616
410013273
643095213
794645447
508740425
239882520
552277785
960005132
912666855
737483249
365598
583025746
149506698
452314154
620561924
787547739
147788379
699901816
323835991
752746064
871001319
552010094
846155103
17915863
773707509
590061045
985041328
397534769
575769092
168507751
961740575
714485875
78625200
425127236
341890252
33711239
731277343
387698100
790419816
635911592
501812924
542752050
868037932
197867197
789141011
19784943
386223344
556454847
911862463
498135132
641430557
388684469
967770264
105209732
192372532
485236166
706905163
518672564
146329162
865801340
91152625
163802479
655278742
606262454
258100332
109835187
151289065
147796948
323108056
583760759
48979217
73889686
66991945
218450401
522018934
658480041
384653107
362429806
850435149
413811989
581927852
269664193
331975800
52770512
651550571
765316015
64955320
364891876
805635307
264470040
402360514
933416329
378795442
242263519
606253605
285216274
35539144
660919574
300080046
217859573
544007394
377307025
93070988
373568860
858395151
152314716
995463134
879950180
629576381
822187170
972366504
536402304
273812741
41902413
993046577
452436024
139249638
760833968
607758593
926256325
227702710
514211684
265251569
339731990
568396130
981015387
603112704
606893226
533136973
583585931
740269358
115760609
218499376
793618178
839648823
549720204
220028994
605759303
50756385
844919997
969368584
736233144
306838559
146897134
987174195
324372593
224681247
355337739
939396918
84292958
421383627
82286075
511153608
218747099
970882915
958708514
300136495
665768325
662428695
361729487
233281887
493491612
886025154
182617509
222802470
317198690
382176487
645126154
29558932
434748341
181720784
795219058
187758803
850116911
625893488
210230848
585868543
191169733
150341256
913488566
63519032
393702298
102304131
863317974
684442545
848604
972879652
834587170
964274974
538816607
711882858
558441234
744311335
508842458
455146615
583479748
460739873
256379625
41468118
567516554
29186105
761331499
397558039
980547529
24981073
675985541
632940634
642103204
468934571
593521162
620220941
989052574
813526998
12901052
46078612
841366562
15662703
115581877
408845279
186320385
340460229
750023057
579517204
914453470
266657288
149316397
1061536863
164009879
382921273
494739229
382462410
539009293
643399580
960285859
805097845
452076845
768498153
471821050
417862752
836192008
6006819
669476524
341019561
9710901
255215744
394227977
92498118
261161184
357317510
603523111
394901432
784971443
553877065
225286142
147267293
960392278
313954823
489921319
579953582
573654602
668199259
888844477
92821520
43866554
790545869
598255909
215007982
872399837
636117645
783560887
437264800
64411734
61249078
312270230
176763436
956930587
400111487
90588943
451777838
347679784
609966157
881037653
371726229
563186517
612197422
925793024
871881492
596953639
490806732
704853345
349090321
448702481
921796455
917419516
583590625
670774115
170795491
846686626
55209956
929023165
435506058
207994535
572888356
379459388
843812194
193870277
668918020
583188562
903321606
63088454
348319055
282284932
746509082
58149282
855040130
833579154
885578679
886407912
514356880
299093521
610988840
95286619
713057558
495908372
542121758
907446193
831828562
136985107
256970861
998949870
84697147
26212870
271234410
511040679
626249131
827682672
851346772
589194862
810868468
18778473
81913363
45478871
372390647
519195716
522837176
68493269
374382819
286487459
1021462247
243894876
982534095
272877769
912571185
15583892
143981713
414271628
642391327
721403474
22384048
529664739
916028634
183180096
142060999
453974757
365465487
907805223
691723121
739783501
886942335
228691537
896457878
958662609
392353934
322476624
530026875
622701550
435809405
798952986
691050531
229087289
282355450
128828810
667669867
499263893
20937804
873401293
967771908
602129180
31497330
847185030
670222947
862656423
942620554
565511985
671004063
299410217
256958639
180302885
607297587
186236760
390645956
996890504
927494346
669725929
965780004
138387150
162480573
621606984
882760377
418529052
481514933
846603630
87738306
804749031
822856135
722899759
658000555
983186571
400961201
293591149
140627618
834078427
404595016
649122442
627097731
409731981
486069448
545792165
407552974
628338814
753338438
410245654
527448591
846022533
101219874
955443108
188572648
880580706
484029959
451622268
64983004
521337336
520740286
962166264
228317855
910060682
223057109
713590220
503556708
821953728
752406299
636613131
893691359
367274541
981622268
676258335
119887083
748293097
743737122
177594226
35302774
186136936
820034023
88489326
445707363
696619551
615312162
643876041
937764279
634396496
811419980
304576886
467080865
668326331
614412428
356650474
27370650
662524163
657120884
161009056
432245509
326762882
783877867
57957888
894548889
444858434
404650155
879175945
735257630
851584345
926979278
1863986163
714835263
635866582
413264748
988835494
888000544
972389693
298581712
341922573
217766194
537169510
961815029
700538236
897758117
812574421
706367835
921192276
494545080
404153087
728430293
687718081
710853160
981882049
536516557
110341225
490431100
656769226
734085176
175693210
598970904
678472177
273188986
587154612
54928707
142998569
179970938
461818015
284268147
312250257
885613038
507763247
619672377
436408212
926481576
988081937
702428110
253181135
903994540
412977497
689223017
213857340
228773346
1255104873
265920526
550093543
531237060
342996623
295451865
642973149
221890125
939158481
827372687
646937454
196953808
349774626
831702346
976662013
454878304
998201459
913210052
200599619
981706287
352625290
866826082
608118790
64650348
960493992
617417474
106468010
91848077
605646548
412342754
751354354
444675229
43163269
121358510
392800914
246483739
909228171
485426456
7846315
215124533
792511051
913200475
744654630
735538254
494634168
869537001
524957835
344303464
494023322
190472358
170548845
999651136
1984331615
684349461
485612025
555982141
307748548
726776415
993369134
863086582
998239866
773045641
986825747
311813695
479055737
513352055
66877185
833689618
562298197
460198242
951499718
922813863
672272118
499095422
412432941
398081955
52491110
757541021
136096692
552334349
983118839
148189127
228876533
893759304
397179611
227023629
327850564
611513284
241899616
667679261
383002439
470947161
343721081
901316954
549507009
849606262
224480797
228471871
881937729
1706942107
818150778
139268451
265998544
793773987
62172306
818430589
750430985
756449499
434855525
1659254073
967020606
699591609
711360385
542612733
458169098
629814302
772646016
790348471
504525045
639317361
624794642
676402365
97794681
763641636
673869994
880265543
960268375
217101811
638243799
855199697
321389561
24418196
379985883
285907476
64465198
200182632
1380827236
815113537
771336613
379534577
623971791
317893420
738750242
105146070
691792727
568490909
607174258
723113931
442184664
636706240
637008426
266488329
165498892
536006373
248762725
25909150
775204700
349037644
561108228
169262513
480557694
313889737
803610073
447766901
497329298
29340222
62854596
2457330
61387656
555443491
927665182
709104501
360344842
647568104
337176621
678544758
170395585
142599676
268431108
784720751
689698392
408596668
515450580
67110937
57110660
716130922
5425060
204193668
37702702
950467573
948501116
179809205
422693753
609361650
460095183
452465086
627463022
170767218
708708089
366063729
552984043
772168092
20487964
218557572
853448892
374506456
833259925
270058630
842761664
346684290
787891959
681272382
190611320
938694133
911801972
760466122
186863899
365402432
824363998
864513305
562096484
580377808
148026768
889878975
279076790
934903410
24110323
277916983
746944727
202343782
221287351
494481628
215124118
120501905
982235411
886402812
849914969
818391842
27725094
838642329
413126640
364762182
7152529
527586308
274125907
230431128
394031369
617450527
335883968
748088158
92863285
499020654
190185283
648699348
138681783
121782095
815456664
388614506
833342341
804574820
231123830
713416089
900707938
151837798
491466503
652092134
805519664
514786755
617852164
938611495
272000992
345183704
827473098
858376688
411254448
770790046
506849988
16792719
440702166
360913520
188769400
572733536
591217986
1374544157
734711859
226192383
310983745
295230412
50267410
329267143
731679371
179742500
140781632
518769935
846094233
458858560
239331274
824516682
544089005
783353754
401140309
499708461
371384396
795992756
709890513
488865160
302701486
740107264
493885179
294292186
462057596
852490187
272484763
501912345
786153104
590975084
975342010
911599740
541620812
195734052
178588824
559726091
92948428
799614057
81673640
191890589
92090899
31888812
28763138
685616522
83863589
783418574
785419169
458227081
25524660
149527277
1395735513
1798258456
224486966
718657501
874910043
273452493
122408070
67402983
522558666
208153161
258518204
544405555
325084104
347076401
788980863
764744396
530476000
441641580
141838265
151699651
591774579
367765269
585564777
768761470
659348091
172176591
523161267
982847540
231063256
736987616
861838930
569014876
764461787
186184381
60265580
688594361
739178825
83529405
488863601
484396348
924552292
848017606
184249952
672111592
723790791
10374874
863846690
303255838
89165854
45515831
237210867
161464985
186800575
704756976
524174619
479564043
933372095
662370156
99262889
377307798
193439524
676488602
261145083
682875636
683998813
444394352
401292793
42205427
7913498
307038766
801385447
659765021
509321752
626872518
406955396
285853860
685963683
622373918
446517632
820772756
780356761
983541996
258545432
250058669
287488031
954331453
991398113
306609654
522281413
403950568
25384787
33353411
940417995
242062918
361743455
733251177
955970354
483638946
618012356
402396379
63276999
139747425
542398911
94379885
156209530
665041982
161426654
802206157
68731387
746309299
527119369
57023940
426250763
873662121
646241307
642506423
990983016
478627922
728279942
254521078
323264804
78633495
981772500
43985051
177620535
9042387
105424888
97243222
292080207
21693444
752425801
605411667
207236858
355082772
39526602
114325607
670973109
862169572
836839634
836678476
24687379
676097316
226244956
588917304
581187888
102474432
529149894
806229781
715403450
238547764
825084813
806360542
94848985
356727621
813846981
491248337
995980806
76248393
96501575
74159067
709765600
783952977
85338784
836128331
837475284
699563790
573773033
903567108
28786379
629391654
719323564
621411898
958321633
904448804
858930483
996723893
160840338
859881259
639586874
358814345
947374084
382135694
71784935
287117490
392121502
372582322
814125614
733120230
905860555
362907913
127126808
375863417
438838012
230203798
840702228
41004828
713601408
236674916
416488336
301560777
427704386
56004807
354610866
763902698
745937664
626514242
823767759
710482622
13339281
860519299
963478348
501346528
474295361
414511144
1240460507
242639472
8771861
818856957
876506149
906358975
830560340
329696893
596927694
35470053
959406625
744388508
397833475
150598743
83574627
856867268
739037562
875086153
364126192
471674191
95270150
975788182
528583905
590668054
134538949
303840349
214999487
697684563
181647477
296467226
900348024
889585464
711297306
874094926
472242079
477502300
957304717
946368052
14550600
458164984
831872794
22746596
405699651
462326912
755100899
513904754
943549047
85051588
1296996451
773983961
613461384
748682766
527452329
853719785
443807340
514838096
862236618
201960926
828124762
541084162
289571109
754532285
231936771
606309383
873523302
979201513
267344549
905399723
248969539
158245068
545384032
149060920
344841832
887230674
904682930
688322213
508335029
368186641
178233716
887929120
425399296
296345538
444983894
902115277
549221361
836613532
473689880
252642888
1871303395
840478531
368820178
560880197
821905809
241980339
436339034
944251096
62219402
250435799
316578967
390541984
444023002
258849339
469584143
936940761
535124373
841096400
191728057
185242636
456992655
393652141
452704727
639994416
187973580
673671917
238143578
986173978
901429262
736277627
799665922
577466594
351242675
567635959
409768079
651818271
11452629
831453745
565758689
311161199
414772136
278347442
81166381
590708316
370305430
967530402
980298993
971827256
463710522
198282142
879331915
34935653
1700687
422311585
295921052
233798062
27530094
276415634
326683509
248899092
471473346
659471436
471864906
330269573
651757801
49374570
83679339
317465842
87446818
767415182
539332678
31900592
781329043
34971221
993641902
559767122
146232020
341651364
548942592
421153721
595020118
691243780
816537817
540582817
108712115
495586655
214878826
858724972
29754636
856346867
196541600
116331798
743173013
784771918
194020892
516830282
728161611
430784878
528342896
351210160
86875958
783398276
559045630
762461674
897935634
202527306
155452113
611157362
895194600
46858010
539617677
286857990
865899785
362071886
271950566
785672500
703305041
953923267
615418266
82900630
917332896
132794935
888519879
383648111
355697993
997091828
188517692
650146469
433033787
528865850
887470957
31113177
513769105
823745781
73631737
651985256
549627729
623743994
200052746
471179836
304797037
162646366
1655750277
897363198
566329792
354878900
758009462
862774294
379203633
144539436
62513111
445688449
546088011
690945239
204203725
187459088
861538289
498653162
567338082
415237990
354007817
31818283
43298351
723673251
161315767
154351491
762013802
539058489
231486592
32987835
687113617
139793196
910733171
394873610
510713432
382372264
750309493
124119441
5295562
908105507
719402886
695341435
729034595
349492946
65404428
180883765
248450621
860298749
629855620
897626414
363060901
414538472
972143072
874979475
680759686
442783365
460725976
394869189
928577177
467715881
682168238
645027153
600279556
513630516
39209511
988421362
624535180
552031219
766924611
543846351
976118458
402851030
432390473
632466745
373050645
580684312
33248537
818701384
236448399
180976465
710368916
825417846
819759334
108364634
145967477
579171240
612397791
980279736
782563615
846349128
39510372
404350259
596796276
104727237
415048519
377205491
128970961
119265421
553997263
199552260
796411084
749530988
110118838
828255050
377808693
553972734
992956114
882758769
494424558
695378734
890466146
989341307
594877532
187738292
153635933
659543973
977733948
961298086
650124872
670350050
705908848
657743178
927423460
493320679
297453553
477718582
743554417
138357573
347333553
690506707
553395554
932766198
49691696
13772254
706102969
307023230
377507752
482708515
88511330
365498022
909511771
541203183
935191834
116178585
764568490
599757287
655928368
624717851
52253084
80079025
333013089
322060090
979958191
813885202
630177127
154396784
493834834
507785601
758215187
373717723
5819196
842902010
896671126
435141879
165678021
929266775
342813020
495705212
967862650
47286620
219508599
93919581
484248166
700022496
550255778
495735937
421900701
337837303
364515717
648145779
316655054
970663958
140033875
122316068
164242871
474480188
491763065
835576626
730819253
4793660
130803760
956515789
689592683
779394029
88586263
770833154
861089529
627643521
14825433
1592479
481450137
212008625
766994707
208057077
21156968
1056260801
61541360
181833619
237768101
15438655
889949817
560505520
562209830
123022389
619130863
31027356
401807773
678816497
202807411
944834949
769828295
735980291
447107358
713702814
283423762
43896802
797761411
347640079
656422929
884000778
12729684
312214583
836426834
499643814
755724446
202621431
629361715
804652839
937068083
744742619
38879929
713150069
707778878
635273521
570212075
86702352
543502012
615944661
708471784
499856332
993042817
789946528
577872805
728777759
115090126
730255120
916850039
51238297
565893193
601228436
912069296
996227479
317643065
88618938
526530621
13684725
298423408
1340135069
293065219
568608112
589685305
860847279
247189482
857102762
448815352
297730831
326482035
836257515
425528631
512909932
71493536
215283186
381563134
150575706
228464351
760742355
24283209
748677398
824924476
434573806
948441236
3504825
297503854
2912695
857241123
48426306
545184538
786316544
535049985
849939848
621388923
781763055
925007947
945274234
510579964
376149727
700073757
516436812
975293132
21070362
854912294
511260799
135204021
292279536
244005892
543306654
990476504
584838275
557003737
101556895
408132136
329991876
281677616
61933182
16624821
58908477
246173041
81237022
989427457
311206611
812505484
737938523
490987656
426078101
319424396
768268426
318219795
680217624
651044813
650002726
209459027
780162881
386017536
738226391
267936818
290262999
712086661
75900588
365845975
928146720
591512309
579406927
463713768
865540029
635622823
815201360
147279043
154490439
898871915
552601097
798898141
579534540
246250311
106008718
553668410
961498372
546432104
22969532
823149009
510456428
454474561
906867353
659018716
644710212
198390326
905632728
67541724
732010801
280972717
68880321
520441770
603118663
45875105
898810542
992152520
363813203
806044812
858849047
575476314
557877819
527495940
1141007571
932170730
775066710
725340117
697367570
767337996
423140397
15588719
687205883
847055006
739430886
997762862
207890181
67681710
614061445
917096806
144876635
520662528
964972051
924554166
922272476
940216422
937981170
107065325
615651279
89964753
245540652
950841559
362563586
588380000
362581843
744850867
355517918
863159136
151520548
695021735
212959829
376955596
780477571
489038847
792238866
916033984
160513317
910118602
944526342
428296743
392219610
199635402
990246016
743443882
681999782
420663068
462596588
115297585
943624064
380629814
299945233
966266951
166856744
787992530
915272047
35541344
563936965
381802272
395042006
613818433
828217918
218770253
459270882
687495911
1553623
280008540
873127534
707878971
779651463
366118931
236998362
628799403
224389864
160717629
518234545
35914821
430572628
347925186
314561831
524449385
132475396
899862367
134357686
292609224
759829530
918574589
530046337
39242164
228675185
631386439
993919095
23947133
77726114
658945916
703565361
500878552
122389270
822336006
105888385
940157599
809653799
902458211
482136601
76174102
245350274
831668361
649877466
934446917
947323098
331522473
850206680
210503712
442330100
892015282
43873061
469395513
464838420
971298895
383801370
47223501
637470527
384781397
59652062
378256859
995760934
104748296
586297739
838666118
703125956
558581722
669116471
551195671
224916157
497110987
212436041
635450932
102652228
926244620
695809907
880050048
260000435
176018079
703086755
730832808
6266687
793980364
832470009
920470895
526954184
677460344
402688097
192006839
215717973
17018876
614976079
9916410
869001069
517449451
843907745
557948754
952995504
368678919
718061180
598490773
582192955
56384627
342325413
874452771
701977956
85138888
507792156
665544043
363146529
235290244
531174700
794145800
250584711
40445592
948447275
631278400
54335652
358430542
153442800
932195933
384643481
905830613
850214574
348021447
689878895
543808243
787602525
607472524
125269667
701177229
977509869
866946374
784308092
455660781
977792006
170008855
372415963
918373967
306967251
969780832
882664885
157973998
490244315
313389012
973369090
298961073
219436326
570883627
889467086
197428226
292766769
241583815
299741607
659324336
981362863
437750912
707082720
187308336
157387716
548424941
848802498
495115323
569281907
845280894
549512691
49973530
476617146
805470740
10894957
281175045
314655864
948711696
719007256
541619064
280453484
981684164
44490640
365185433
561095361
537058833
348716788
238366249
411475048
543856726
123873522
150737081
366732286
211153128
104505306
396918161
621847218
638305496
1217837481
139634305
247389256
990523846
978931591
709485213
384596368
258703475
971268258
20952682
119999354
402166336
67776275
430293121
114649298
945647652
43962535
681472964
397959568
222701909
740077875
550623521
938042544
308599375
139635452
890080354
742582353
649228057
508208597
807976722
758594479
931584043
7964409
47232376
228419208
164750835
859708873
844663748
374101066
168847737
598445413
306784777
911025087
611791728
942241045
559450831
830436505
646615861
324951019
939233497
794284372
833955924
768140093
402942232
442038293
759449690
402180307
436039902
98792120
889567989
803021911
830412630
266557273
385844603
818477172
5647133
572877445
91699513
43683326
969577527
577742692
477316694
438837048
584687839
194203934
902486274
815620309
118878906
674032465
753050647
75429737
269336682
328106978
938590987
420949406
486151082
725092933
416779203
386718119
956228664
40514943
600834423
537820023
825355381
21335057
899182210
877107646
170484126
896460595
58245817
407635154
539804391
249824662
17362198
909022019
62233310
119024921
71047174
555703757
63947944
894729347
391868943
575585372
823488248
67715843
970505779
162802864
89318759
868445562
407569578
892082472
146310461
822728055
768345291
393673739
228636398
943055011
1564503615
522948599
241966521
846666839
548223439
853164652
574186508
646520664
227871193
318124373
644769259
908813836
204842091
737500410
1751891524
925057532
70515710
281722868
729644251
51895241
38572552
990353130
53960662
716868741
671219881
935451373
578787269
459966553
794516480
65244441
254656057
440889331
782349511
751345889
833104527
166498570
776227424
448879746
961143967
455888078
27146268
675740504
24507592
388583757
1374755589
715480702
148292450
858571329
529090918
207861553
565359122
819177636
980549721
89299286
755445798
473347443
935501521
813049097
647876840
78310543
595576731
726958283
192430565
497804424
783430072
863585318
819690710
694555530
410381266
776776013
822377445
876981322
182393293
819098637
489624307
277200658
720799756
695186465
173970189
206943717
210094011
292230398
404267054
24951442
29986770
907220863
918125262
795105624
948364043
336840847
1970129865
667983910
852179534
816851213
167951432
487185310
441622049
382878044
403768523
17750420
669426712
982199994
384414196
213786516
981921740
502994182
553110177
466374937
929702128
613028851
427372825
903967115
383639971
861944969
230450827
317598828
932292495
541822359
42357459
291833779
717551951
222739609
162326411
957744803
977761323
421841027
384324620
423857549
300557949
1135711
304159561
690202003
755861979
21166722
236596214
33285813
553500528
40099919
804380581
771458179
262087576
955113385
920741654
81206517
655213331
929716442
569332492
936695788
742559580
547750687
934575542
749973635
349796285
424087950
149972950
623576468
170044460
964130852
963190694
779480027
805280547
131213078
364801507
571035365
787142947
531176203
963782667
27838475
397200429
857494208
595677099
845280410
31991979
341928750
939424930
250721968
653482910
553489594
712270857
829599142
119104832
448656234
376647674
197941898
185151627
588816266
72191308
80474670
691326030
262372252
72913124
129075077
606864674
690514822
157714005
907735943
395219694
324343834
545520842
817453002
563116345
637623320
647407964
112243615
914039556
328118102
106283154
208088126
658603111
555090943
779052021
39162500
842255822
598847141
139670197
160565486
394970754
292166742
400656194
451384368
63929647
429581912
74408419
535448983
89782068
416199546
210257998
684830784
588776087
690759601
164108694
264127444
96492698
522198588
503238138
559821192
955043453
284182441
779169617
718674326
262280077
788560385
992381150
706489686
957158814
809695931
871669595
749620866
631690286
444919161
349695857
5557000
902132839
700389658
952151166
681825905
260384253
920384335
922250763
305374762
147264689
850675842
370317804
316013239
918861059
877548985
287784953
605320541
165489435
844168355
467970214
506893344
323011172
349318206
224466872
389620965
488792933
743066451
467324748
133784419
233195743
676316787
391015724
570227870
88404176
345202914
919832953
170511575
622421566
527996732
923656441
683324869
43232244
702229609
606020235
96721580
626533872
840265164
431498536
94975633
497171823
95045599
923160196
347714678
123999024
51588980
987196679
489791357
746356515
40528071
963641163
56881348
227359983
839031414
188279685
212266589
325620928
105806123
372777218
709051882
923747178
566540874
143961823
423191609
39229839
723590880
985217900
455865123
344570149
648263919
796057521
27727927
325197320
131583471
716007520
99017732
201492557
913821259
907320773
730180837
777936565
58833653
260120108
763586216
458135808
435344473
526944510
639812716
787012552
999924344
6728244
548364350
891315435
191375146
520219074
411399041
289534076
1718203130
642488536
537310526
243042685
409288404
867998154
143793683
74232155
994271891
975965609
487692775
326229354
735327696
23831115
704065318
33373865
850021057
396526138
841879440
268973198
632804690
21198384
77726265
819837633
376895164
766105423
146065097
682374700
935954048
222980009
373254944
760347651
367532050
683221541
858862240
604276786
866823746
680270771
922975206
84100869
76212464
637111088
483348220
274753243
811839214
438954445
853526075
290555131
677744897
856573239
528320192
277223656
348802809
366479950
667173432
242109845
564225663
757155034
570697750
989598347
944098860
903693693
390513742
890240218
874851600
461433524
651377803
1857201579
962771966
372584087
295806355
219304674
1894053537
142392147
120589240
743206109
667125508
302640370
126578855
312902414
316747247
867515164
398363792
682259460
49362425
683294403
106332380
310726327
890186429
513560232
437614396
992225289
363295395
239255788
311238957
938055976
652797324
176953102
715306727
158137476
957846844
1203474374
978814519
304093161
343844218
171259900
157998760
457882787
597752668
316045977
466863458
18827042
333666764
592228045
405278177
639093521
584826297
349540416
733914453
820613290
28658907
736338080
540596443
557783983
744592398
386684727
253722195
985810674
396524576
390757245
697697322
19496065
212403488
133818705
850418571
682579898
616120322
481675238
860094177
12851670
821220706
112430911
971378801
246518833
104619878
969209350
670022899
238096714
404982745
5562282
515885609
631647286
996368820
59900812
841599656
184686996
636652072
223675141
359072159
193845169
294096705
758036281
488084759
887851221
806179117
715186565
112902727
219876684
604855891
1291257
75521092
791712707
624507190
620521994
367554106
142085287
231934189
381033587
574909804
70430583
941956643
726549112
303871817
600362703
238610917
862449187
483480107
898413732
770559835
415572160
52897004
337953633
776605493
73178913
280474603
514619510
946274674
322752080
861475047
504611395
815580488
361313825
991592358
196132264
107759001
502218713
943626389
726971298
737005169
449577249
210244936
728424824
746826061
895267527
162298793
973316979
583316415
406569267
968212943
581885508
23395928
960199209
761223300
735386508
944851554
594731732
864784354
470149177
427413393
725041200
353590354
558118132
180229480
875015463
529580230
53497188
9689204
720802942
826669018
204489054
648497378
498019380
937519799
969150770
968658365
477878265
895012097
171466600
705396546
751634543
333254291
318882632
213047153
541769507
848542825
594103430
391514093
239563559
486184460
1605184
808757948
806742214
861779073
104304749
507136604
948467622
323933348
719585125
723558898
727108779
653025926
789894797
337003049
68759491
690793718
261530461
55790810
411920990
121143853
583703573
367805156
553673267
464174026
326441053
955896106
796028339
531434991
205131110
403513158
566731440
580480526
52990522
779883246
381668283
620160578
459388473
210619561
964752444
972226130
991724382
820362466
440870439
325261799
513893052
555430521
109246357
328460143
77766969
248625723
317844407
357858177
761125057
225840807
585679729
1338124800
619278409
335118621
250100868
1249860221
110012082
4549465
196409245
451173069
442579489
312908949
591095614
482908868
23445170
894664961
192230037
501910482
928280411
795840486
173837749
1504345359
804009762
988129082
735055514
887310504
302819852
946765247
709037814
489375543
791120143
132120067
96413173
680499730
759983681
700454971
321790080
783616648
967349455
789961658
973112879
512372244
27327974
316326390
293115755
895291598
824084329
307462489
994864680
601133260
515142319
692661471
727461055
674076099
230894027
113516447
416463112
849351725
888890963
102217454
628134964
130941453
55080932
51171999
73189637
401256139
498755169
397306910
527973183
673052827
366622362
376244333
827574570
819058527
32512247
1143978
369410216
735743005
555317241
339542197
610974913
890195188
203340906
774047548
540696438
942585077
909582869
19045449
335607198
850616782
585478763
410296112
828710135
8674893
854003974
640116114
850802393
657635259
956739327
328397588
297464978
66635441
944873609
893641706
268057438
806107781
427874040
326518041
386260252
782223867
4905556
70824871
872468066
659135988
142101367
793749614
812596711
808658476
391761289
173686503
879261404
494661376
373938419
334621532
491679637
937987464
235151147
672265476
801899723
896468711
468856582
269402660
430631234
374722691
637467966
938925346
23931333
103934449
259818220
660915728
208033235
707385671
137878026
794551609
739817550
639877697
560129198
602097550
615826119
81728576
9086438
600245711
428074343
5249048
42446745
636168798
883157651
722260831
468396683
302438416
241865717
868069475
692188355
823089140
565004365
821155153
582040378
119599795
998711629
426234887
46471830
600895768
661740741
846259875
757724173
519942607
237865011
27154540
463279859
989809729
196021290
106600723
895674959
584349267
689054637
737349781
650006418
905431624
549937124
930338735
415501628
888559957
343214729
381769136
149622602
60570215
724004139
604943857
90532276
930102291
353358079
619263229
391277320
335362878
839706267
44248148
539050310
129950079
87454496
287077516
226852961
803964046
494626241
669760491
512263496
703518611
584232454
436983216
916618439
564167913
144584879
158863782
597960641
847777503
553913640
715716615
865433885
124651089
465048197
585056202
61942236
485342961
158603059
785783654
807405912
458006987
242970219
894899672
960081054
85111465
643183718
425369019
656527522
45631043
716573941
629643136
454454632
286343715
348498901
130684333
181631638
743779888
438331664
117644770
567450692
214731114
1334915720
261983870
156737283
124278859
209065251
897299285
823205214
835724071
27287937
1535056225
275810780
785750311
59441394
234763568
300288072
183714186
790551891
803220531
938299002
483361529
396013231
315743337
18847950
49206891
156282097
891090056
904494531
266404895
291880862
703092322
202592029
659423528
969064732
499010981
305355365
640571840
49439044
895069861
858327044
537808225
608539309
68744416
626283488
347750796
521496646
54532924
677107909
349424049
358221011
751870383
771942797
887531688
661718289
1146787854
99531478
340081230
564528014
568926068
943968946
546056986
123484054
67563685
271037153
458481113
106229458
922742644
993492584
785327109
747134123
622573944
688918661
497504547
42778271
888010732
915663715
246382717
9261513
574536945
206778115
410578023
669260092
22527357
20328270
631611633
699187952
5006145
318628588
50656044
214799784
237745332
728854447
821128132
71967778
933633118
134190980
731733775
280743540
291756796
522306605
727318202
411129406
41239273
873882135
590133571
837888202
307752575
554300874
428564791
198432399
893196218
475849121
134338374
932707439
710632252
285952478
514451930
345810010
721373693
682119028
331202493
905166446
316447338
918560299
441829636
545752594
509563388
782092232
104315037
602627943
11788155
893551511
727020666
24033597
489990228
699992621
381478247
812887328
560648105
984758795
92797286
809283780
807069127
573278569
343525463
711718709
340152500
848500417
625074055
764325912
455514418
90720729
454758440
280748389
9284072
877204769
961375750
385062058
754618695
14285341
247158550
586945739
413687589
952747735
859650763
630093999
582483257
421689940
70150621
48924305
549818769
453284214
51210015
633766706
919919564
549233509
704100531
320699425
468771332
187065285
966468293
737661287
755005313
201439257
729122323
300003873
245188009
440669832
440009626
431589373
484457481
278513823
340903331
606445302
45427699
950307674
535232637
371989224
832511347
651354717
783945412
947592763
620660199
242144800
74649036
486974354
654866459
350701565
250176985
79989453
215596309
266196331
949781942
213337548
735908687
705294446
220149306
697606393
672102781
239827227
610107795
239861287
146753414
696974020
764124761
710640518
203170014
577115031
404885015
956964209
235612262
802301159
442553156
606579654
975666545
882462860
995735199
113472726
450540815
455384905
803467162
116618718
955042631
903870523
16216625
82547882
650220253
878101409
808373346
528989187
810239167
209831159
589133593
170094773
811875914
713486925
103114279
737805149
346823299
937116040
525068664
400849379
607560676
658818405
644030670
480544707
84424053
82223724
577190510
122011509
610442723
715924751
632480373
669338465
425163479
905086705
994749266
748801590
76105311
711173829
361695257
909689318
180689016
837110057
589594887
814459426
635653422
684956970
559113209
863601463
700233340
858583661
927150943
739767013
362222464
578579273
905078512
790589736
222997307
268437472
191363543
736658061
493645307
129406933
424231501
599707964
128565296
683177562
235937728
732055068
421729660
255931433
159843113
1631666091
773598850
454327630
13852485
173708222
82586520
232545250
367486601
765674101
225130330
739014865
619276584
767127094
933841866
161633718
15633469
348883584
71830537
486786549
1889504615
290745712
662760138
288915923
317968833
45172782
567887669
417035120
633059460
602161001
793094074
667271404
441107062
442527881
401386804
173031704
580080917
668375771
652120428
450048593
960758879
519459616
497158537
310740392
924227185
389606645
981114006
983972668
38581563
528122428
262609643
589646271
747287587
734397561
569924769
48209009
475632058
999093155
230984184
290308355
871054040
867336750
529644431
543368500
698501054
763839410
373636978
689802288
859573495
584424863
573711600
474092698
281191042
372345442
4447944
769018082
785052307
824168242
846952828
22838384
241136863
539504684
787458836
106464306
288000706
607334505
912185097
861778281
886840891
550904484
29466373
923122691
166269185
161410108
187848302
13046771
99443168
894759921
497526445
834035715
450542423
351004681
374967643
332020482
888620195
159943977
289489418
941428696
334623711
997899954
217045478
660036650
772013278
937208732
396206377
432771967
460322564
482222311
781699437
173586637
528069843
78344463
33338509
228922850
940519933
627407020
350281597
883205282
466858014
268290465
562320913
818161118
209918236
544392904
699942789
482494072
990441677
462143635
835328921
105628242
914327493
821755358
949468243
259475479
653084386
928104376
108043565
144116702
612505966
18390374
453627459
977402571
842280885
889760223
894676044
350709125
77061032
619595831
606142795
173709746
793352386
960132830
806283654
296450752
405875809
581395311
131757531
197965982
154932160
450993373
878116906
951457885
574800848
85038702
443438461
210561275
411143764
789507378
768590212
538788572
103731683
31879241
30364916
907267696
325791958
419161939
41110236
128800383
958108176
195723357
754920562
10494853
853795409
744628312
604831130
491089861
704746765
223913003
44552378
650656090
864109564
497851602
480618823
374820166
114895081
433713510
997012053
934828517
644245812
644302170
647453409
755764031
70180153
97738339
833996054
197584437
500142981
376244370
100195690
546302036
692621098
815285522
108897785
113823424
269802833
652204801
837422718
352491499
109612325
301836727
691839652
184604896
612299847
363512105
146483819
785192333
281204805
148701602
135702599
588795325
264178296
348232149
457289274
102394015
76845928
52698029
352537454
833021788
370575708
27004105
59507005
601579663
1601468863
853250577
551695214
361054183
749678254
722614171
358400859
1337710967
33281854
976340477
484038207
250405065
681009599
182485733
1467845199
884483848
396645412
268297215
1059656416
715566396
936643072
274819793
109390295
442599590
378078219
501115120
331727447
843842254
391666978
232341907
469814639
22025804
569744404
822054162
110189858
400790695
632927358
415408546
390874567
433749844
583063131
970686497
101346969
163138159
851424092
23160394
428113974
954973038
464383326
94487609
3946431
820046004
570757749
281727640
580602160
550775500
100401538
986699202
1875024610
467216466
631465768
88491664
384547585
834327237
166358160
678130446
938190931
692724937
174595582
313987002
818664774
69335100
457460194
64416690
165290421
425713975
906335493
40518140
542953706
941528398
179045550
315563718
279819366
350021407
502856566
495145513
970255509
845957137
580380566
870217298
862889948
96494897
743505016
865983918
156919490
609073495
946738688
940163286
304249922
804052315
798165663
1923473
561994042
826041742
3921265
441577918
26946921
329959399
959481275
447487347
101656348
649334559
727541767
561925093
844994038
16653357
475930575
359833911
264418926
527699426
883455180
629618982
748479447
329327488
439201784
476405608
408648559
709357844
392532536
306176084
758060084
530503307
252342100
790212560
423055063
707598578
57296612
146333895
112420023
185248591
772918655
658138256
355222584
98541859
213137064
147233892
82832777
802311058
430461996
238248978
79812298
813371337
557376225
594452038
469674403
840709398
157566230
60161092
858696293
702472514
363887274
147562303
231325788
430453467
476811880
999673787
223088532
256488676
305124317
427065295
943265408
649105828
762553441
778723692
422040707
510300073
772587691
140935568
241909878
550282031
54592366
292377649
935562444
907128110
86425891
731755745
99495519
192762525
202158239
266389627
305028540
766631477
931378515
291940284
301254168
812470269
840666969
735477419
26750980
460312618
199781251
5118671
813552084
949910257
616454042
300631208
677207238
166262771
874325729
264807235
962294496
755849152
995073368
472389412
782548670
432265695
11065053
330305235
565576901
70489051
414986077
964163469
641441609
846297653
156609341
333153642
644995995
751668960
892524962
534450329
790155055
891958991
84674545
457431501
656579187
692029291
109598279
183312886
484817603
698528850
715858573
65645023
26386103
505087754
258261480
671993418
843178660
133048528
923826881
782458343
632233956
802334972
136090759
197750390
977310687
221242712
12888796
847752760
376855118
565636084
158114711
621627509
638650364
521997240
637727359
57226945
630140170
742461879
11439687
722472918
356438264
659439056
859429204
160045836
469599568
909131145
903227759
105875747
437575775
288862858
511042724
737594063
6835010
297161488
638376159
476898794
719220727
835967083
560158093
766381686
83115886
7166632
190711628
550691276
163118948
262493602
355009390
198669380
409945856
638573578
584551951
739301606
50392313
52378258
876671714
975276969
445446503
857964586
134567297
189716663
597054157
699598167
1657124552
347047638
723900953
118763624
822730040
233243650
790452429
558411399
518078827
529101660
992487841
101399349
389881285
86750768
828187895
674151551
374997023
629354191
170335289
319730618
431206293
714953874
6559228
665411882
61977980
76384198
99422062
887397968
24176237
539289516
127342259
901234492
890249051
447611195
1997417506
393842542
340255482
718631894
224033158
201552154
368825670
474159485
872639868
382419799
973084376
87449228
240956284
925727737
422462629
274418997
817949516
994763235
623059121
323348431
486254560
820988104
638056910
620454387
424417192
982626698
619135620
182595090
23700749
878446295
585675656
77270200
374539443
989754078
176114149
568057293
737293110
1380381003
1683233330
117406208
944555735
771295733
908273366
684601298
264300966
34435176
792961386
297569680
536282502
35794886
928907190
958980381
420678267
936262508
457590147
836760388
903260249
51796568
364618130
79526729
161480199
630223073
526174733
54595182
901025667
535118527
453777626
101912390
609840891
491628696
286973310
793397947
618696478
493668013
719615379
135419566
322796307
172880706
272141869
543271934
168286063
176173010
487440594
26527869
559416088
399500050
761084018
241496568
935862737
305642036
46701911
646442725
913532652
248135245
39254221
951476446
858331102
280576947
568590033
791905252
134071172
151000376
336293777
48094491
70044085
855901930
693350397
1635943701
910066278
579110652
623955438
198890209
557480669
740585256
489821135
95756566
146406369
459576735
318117565
53904896
262402348
641383316
591120250
631631184
779554109
608543688
593421069
240026202
91883751
485304022
964942391
724701784
251027164
381490171
172463585
880723221
385604840
722160832
813353024
688843204
219869626
917922143
967552364
980909565
646568272
560297843
409277632
227512301
52733168
14956748
520623682
58211367
791867439
338396870
260110356
520835215
903237608
45511203
732553911
619863540
306918187
67140667
746054749
171059277
921052194
710723257
200069059
522366014
801521782
954055178
328101681
207029024
979882499
455105229
557515329
575335262
282752894
376909408
732137024
778943223
637223563
108428145
207000460
797951628
204043432
533233484
154085625
754239394
63491007
697606669
731888769
893492698
394588539
721693175
720002047
4587589
4523778
854006611
95258606
478131130
473739588
115177930
826058210
769067917
358198886
707204820
761594672
112048285
532270779
179741260
438966564
386099789
867536719
969662079
447286771
473408799
771650427
493868033
44677255
999854676
507055914
129006826
365309631
588389368
586606495
545322954
682456426
98335985
431980491
368925354
896907907
490018242
602674093
788926914
855330386
137950377
298875036
835009371
612277210
687519054
706929326
375333044
236911369
624256378
520676686
719132202
634558452
338754205
753750530
647982641
587170204
883532076
589982128
392084765
329954221
44001000
509208193
53576919
897663878
975226767
918755140
578137570
782610638
53620206
346993623
57161150
947820432
8880120
410424650
353381193
451990044
735268921
666246752
101255521
68103533
3012541
829700277
937481659
263738988
668090209
395022774
549483406
382262556
3645567
231505155
811074510
710423141
427639514
682187227
292389756
227628701
956907012
812116962
107898607
298427680
390344255
557757569
100402778
413031004
165557785
209224155
60191299
872930227
905562138
825956323
738497728
167197565
512525838
396062496
360028031
935035986
321297273
198512015
652939362
592080740
86968538
6023076
371706545
375751775
726103828
361491474
538683335
541969383
837889108
193201563
155440059
389382767
1471387984
143738575
684884426
793530246
291577834
574470734
651674997
245169522
151805552
238959125
244189934
707888961
387779621
901332902
97548693
718777302
82111198
855368370
708154875
740957377
484033621
11864456
6945427
868986177
596928897
641119643
588421645
842789003
687672709
248954026
60725105
767963431
378489564
21106769
646072352
629632588
844972766
567048317
520740497
944294594
695093162
844275007
135010754
437582042
180192830
357594251
661087680
584613506
784707211
229063061
331382691
1520765958
798408172
601496694
66033034
24953820
204561689
873875888
177520990
516110097
128621944
273822917
836486398
272204175
37121178
324796935
346688828
312525204
460625471
735719300
411521563
382681284
882332869
925511948
829924428
879206285
614695186
315032010
208686558
476487614
683657694
141630115
254310030
257428073
376768016
262585379
241341939
929226329
4744441
667331417
967092771
116640174
404266575
497050837
421108124
652515776
217170626
362994215
836031905
962173345
288310600
350763680
719908854
967602583
668987155
758290627
288345100
690203880
911625358
393860215
430655248
624362065
753915378
903689077
670970848
121658161
997201051
233893965
157235494
951344440
45973081
145577705
903804201
168292421
321920801
995215875
215340996
862607025
651678613
291504515
622313774
965462231
533065827
933302222
812503713
604123921
215690311
227183266
162056790
919482032
598742354
210938506
71981786
557197090
851519808
158155382
752385334
154298270
810084891
445688013
607162383
708890465
628804363
854687501
446433016
559653097
493030156
151928526
421441235
664891038
100949398
424858997
220522218
559549197
87612995
85673259
624921252
447809994
818143513
889293606
324618290
513186152
173300596
75824984
785610407
770607649
19213815
223687884
76521176
820302452
317279775
638293366
675069321
448137554
966802653
202913827
51186148
387544318
653043478
544727576
590457995
296720964
947494559
382249293
911572596
449261215
165131812
914888675
301717640
139343678
531976577
304633146
125695476
197735843
643333110
535173477
990783844
86445466
146315411
449831484
284488400
361967970
84604870
418447937
684108904
672117060
344952453
109804341
500392055
584666408
348715897
81925116
551239874
614310142
296140911
271642054
85502371
978382247
802283667
1042304672
528808644
680282677
140205350
287065989
924904153
109807723
106422016
694002553
873062578
71467902
853205679
560926805
240723245
91272365
357650137
147096736
461560744
465427844
275722909
143678244
223830518
33691345
32537144
729063963
360032348
622115632
404852608
681108693
309847735
644053401
700136906
674767349
557996770
464301388
600652740
216573014
96926970
110421510
813029658
518431387
653725303
975302151
285596375
544803866
500899666
56053803
837831240
959538030
247425668
197136277
289641674
687140764
75537868
607240500
914104570
845443981
533274807
531953745
920781971
626216326
308135120
155477948
461933232
495441487
66929187
37461211
793705990
916646392
810970469
522115397
890914579
786645412
323502777
712472090
466594863
951959598
876289662
662153688
481712824
119451377
522257643
215159335
357570112
287796147
76738335
413932119
951485586
946827110
384609145
283931368
111433979
784109330
235441407
252114065
188261805
728728694
964022592
641801568
453232824
87525756
233016765
767063402
765821509
657480470
769415311
18043334
447200040
695569013
233310919
575576826
486245079
185796965
647666867
490570353
787784534
19673047
363957184
731719281
309574930
718031268
354980283
647393104
275479780
418983949
198687958
155009376
224947388
797340419
408861985
509532664
582009600
93324154
667091041
469838381
523121008
207236284
941694034
726076598
113957199
214261324
200199128
484317181
202657434
342388305
302452681
451996935
155874167
791746483
470793191
730990953
42488935
444034737
146655126
673936514
814381742
759563654
756144635
254673902
240669976
163072052
787425297
800809247
360165781
549654370
430607163
1683593810
257593188
675260681
73374306
103594113
977806403
612963039
889781696
30580447
969583544
115164359
1399613403
428150761
158514393
704373322
460287570
762690595
979982460
544822762
293840190
872012622
888107922
604552777
229333686
113486875
144163517
869256440
1671922349
517641520
522446793
223541695
859815961
673714857
244920817
609344243
709659341
828367417
661062704
994457353
22170168
57487806
986415131
167036401
861145211
893909066
133590206
141728517
953693555
509003835
131115384
37600957
954881182
503828707
231173094
407093901
84614960
92573973
562786210
623387562
58235227
246563344
730538778
473018328
427224746
566017978
234636952
842099403
5360749
440704392
555105987
750396061
190060596
388656836
340131174
421406640
360348685
77974980
911061898
148022310
15045529
434401162
493057107
474445728
631087501
634062857
285917421
39924268
432823735
19431302
523448758
970863004
225487082
738529928
350736611
487983913
281764615
593713024
489694009
217641006
310647273
274451812
263806767
893638642
868020851
327550574
975575735
402344896
957710289
589757162
614071589
686059669
418614678
206563385
931525833
914436524
310018186
696765341
992718649
222761236
840392833
311288774
643619892
431061021
269377507
834141534
5666151
477083510
835004964
559447078
188371791
924787491
795560215
46255416
492203842
892103303
71741734
311625659
944280658
382439403
356752987
651559669
455053218
811529645
429533192
687755886
440316153
398148165
6444490
586570405
820946546
402983146
701265709
586948185
996385603
389793057
285091278
36678314
27404087
961313199
791387469
688753945
938282405
920503936
679641935
578325903
140449549
475689734
435151554
1079711737
59303085
911669590
15584625
512854787
58045419
28030887
484486807
735480281
42366388
181397059
719519542
514394859
690482917
13699405
263942062
848797788
594909438
898110015
199869827
592897295
120420563
660162083
793726533
504432888
785323584
203740007
79087100
240243971
39779461
430622101
40007346
98760893
626987951
310451062
972387375
395932211
720658122
98095301
882542349
414520785
735305814
920205406
824027874
82900400
221784987
880743526
745605162
302763482
565412665
411223692
502961925
71605919
480696173
323824144
373137366
594556174
200096571
101969364
249393205
374892532
782373699
657607377
10541323
651768914
657195254
80423385
434257901
298654429
840512568
487504496
588348902
459895341
40236383
499289051
50708423
14039768
252354824
878735501
731046198
470046980
192423748
441264571
901312512
439936154
36784814
600052504
469498324
791149627
273140089
43224936
974472825
602478271
901001558
1510747985
971496102
26795730
222271083
702634779
159273973
882882691
77758275
845118339
57136339
888087503
201618030
956741825
445976955
62367788
159595861
833272786
109375262
842879591
626813413
162335333
250833816
21899994
541716369
463688181
456103976
274949768
491837182
752618812
189789614
545605310
346327051
762944367
833246510
901519161
94042617
998144936
74655252
10051988
28555158
710599872
764149210
305233276
296038060
742849264
652543231
360804306
632901347
14043958
63698374
578571346
527512729
66385691
667063702
955134193
176021002
936648664
868478272
766635210
124650441
273293995
239161049
111904051
920055158
754252870
660849773
843450076
53470375
809784044
257335858
62929673
828199111
340890656
312434676
939962195
513269498
420443106
680694422
910473433
176098190
912986276
2865576
792974777
993150660
952625690
372393684
994284465
472645311
962623643
222777806
816701502
957006421
786671173
999941458
906154296
881116623
913427216
692913100
924667432
722571614
1603583656
708528314
824747154
623931534
433468931
74753116
504087316
652630288
555257619
160054091
864848216
239205590
685378813
531260498
309201474
885160550
464332221
187854787
843199798
983779965
69415337
740365069
860480604
648242892
927403188
1078101221
2549946
941020188
346971915
568674026
775758984
290690204
395015904
932017351
229962804
302435092
469638644
306418364
811184610
646512536
936197928
782872744
768512495
762608560
816549326
976704343
240940909
154868586
134496060
285791038
136004664
922857054
463138998
266405481
505615841
916917756
366195317
213424493
510887824
629023940
295814733
532718942
31176592
278465853
106221647
75271470
693475382
478820474
330505311
978087647
233233649
148052968
548232502
139721276
900270365
240784129
805852302
194219297
776004762
174564681
1083208
891934277
86380756
981297737
608942854
166954911
559512385
907092858
806432201
315019624
778028000
761927005
352065961
170330305
213300848
467331271
50143582
670401680
280286973
234530976
497385317
381431024
703077046
275143871
393124427
301029129
65279523
798974415
170601756
996422948
609978560
853796854
444919036
815570425
206972856
362795754
913581360
195292819
414295557
347676533
177677310
476380013
668481521
209517314
982556466
515183784
81601907
729530857
469394144
619599843
25204788
115014194
67382228
199000221
887528389
994157660
289945287
289164979
3587179
741053302
413975544
819308811
563686074
159143017
536407749
352899155
727013890
187669159
88578805
973500414
177154950
504452862
359597532
682689135
615677
930070921
746531391
917030079
317501682
995243904
160407337
338952973
156434089
255459495
189366668
365426604
501170919
177022426
341988648
911954837
568624105
778722954
639372703
762996240
938332829
894116886
633054553
736205387
56619206
837370980
775203562
263863993
241459332
370444280
93643026
815593000
360803217
340226855
377299442
101546931
973573362
902208174
753871090
655843944
101985573
582210518
510444911
393660830
461636984
655372747
711464881
574435747
919517300
894291245
251330012
587574914
63120734
190989113
706890795
669991776
839432270
741341008
213363664
857845494
633935026
976376291
469650691
351115070
260253113
844572621
670700428
860820197
264835415
585563453
597876592
286720189
474213051
727140782
369879108
62436672
246956424
410793739
467824240
547187487
500028835
466234603
683981945
369678277
265104074
842694095
610642749
336452192
668437582
22724205
700444061
865949624
479231682
881389005
21349300
965939413
73819409
79487051
343700192
194222028
279137336
69315810
244053008
729067631
228277503
142725645
778926188
151980369
959728099
379927551
825590032
159629019
655644797
791466478
217950496
114067983
184559106
9468734
912215590
176055320
886176643
799283437
631652872
38758764
905471438
359126366
321265626
649142918
836856426
56655060
821208897
126330045
88082117
363453745
577277125
893417186
690246387
88449320
316904213
702952519
731232755
640085603
856648750
458530685
555588600
223350626
550808976
12383461
981488726
817080498
931349451
445588598
311822092
957461648
277717252
509456786
704060228
613026177
249094066
468146665
142766639
224325907
117153060
57210606
365104402
649494230
83539028
353932057
21710544
317127754
205469934
478702028
180541412
360737843
214028963
3006096
129436830
940525879
54386791
777683012
787597092
21247182
338341881
510535700
535030534
386676776
319313119
20891931
191423718
225589940
1217586117
378768226
840521494
95788090
522682651
963856308
741678793
299615400
759016693
418656736
576652236
690671868
334866722
523820345
185031925
771077586
208869721
946976129
382443634
924279010
267064130
175889306
340365585
894391908
531785728
625833401
609298614
458558179
919576861
830356593
109260064
982156729
160390531
963276270
859715696
659647684
753888667
202425496
129711907
327075008
660643043
361867145
211447348
232070622
274781346
368589469
618052376
177465453
444683017
661185399
206112783
500872055
874812332
253715047
960596856
725092821
958245505
122154539
968497930
6367290
403581264
760546883
749054802
875092063
568453209
106998550
734931933
802990190
842905745
567707141
441517676
830730094
915552871
542977599
294982629
866119399
774302390
288768398
289243958
13854145
598105862
788279077
639768796
920138604
616787340
675211921
559586800
547382905
979572656
661469615
962968793
307687599
710198546
404968760
730796524
601118967
885595298
581221149
233431530
632178300
29733027
262748664
815806840
486431099
348255927
235378498
545810367
787787007
715637597
637629959
261976656
467710776
52089469
18605047
480466464
537022812
840433062
713604756
447260517
200271928
831256306
854981569
891519837
882017703
169785123
344126822
245781776
427928852
113264495
500388163
327296553
309782158
572421935
767776295
646956415
979438407
320061745
496250806
763671137
100322348
597001118
977502785
63283751
286212913
61249731
242195836
916257893
820744328
517391616
850519551
923704489
51452020
224593229
909818189
746549120
349048899
989349057
550996976
89298869
888658166
494533225
207356455
963891351
336940781
817065323
533389768
100401349
901472558
641023009
529340762
148812875
263699951
201906818
590557176
479948758
978305194
701594438
545771552
650027182
195268672
177371411
981711324
539620844
569314008
42962175
450143705
667870786
272236076
986551122
546223997
406767168
916149990
335021682
551281829
590911973
896171277
555410794
609296614
437911955
899089171
337224982
604826292
736634941
1909945005
708817487
346788398
875599896
500531739
714651104
643265380
328671890
843109317
218865646
236355100
395183216
591101737
959919061
229739632
516220464
120915618
651878200
998691158
990531840
424386438
39917958
756121391
815964978
184933602
563707451
386254639
14271365
834454479
920726123
532145797
441521410
401557215
140339292
616997383
979460821
214284558
574612224
307195878
563700472
71127998
411492938
49936732
688101188
717464118
183855973
413667376
161540065
176337780
620479751
899989204
297575171
117131754
680656819
454220455
271736790
920988644
366619567
340408755
510875581
575092511
576022957
636650175
245952372
442400361
626246749
730884060
347065566
256780794
996375947
304113387
313289485
552187968
948944951
450510410
555502433
798899119
881962005
804394902
658172159
986536172
373383962
887285956
268401331
595050315
349620616
849916107
247552030
107276053
750154433
473617419
403944320
359967745
142710043
820748389
7636158
6203770
435557582
313796843
924682166
656472337
577931150
405053206
310729554
78002255
396356236
568771607
828184669
1571024635
168300597
174299172
225965023
33672643
132994198
138117377
686612079
332372538
220465033
29715714
949693253
147136674
193733359
896195495
803339382
604727288
762996511
517318542
902117348
16562726
410424518
387167521
346806919
773538510
813861126
111438322
138636402
113964527
791249842
215006399
516151409
948521395
340732988
875227452
652209192
278876243
116774911
559670057
273844901
436040250
404983460
242127596
509527494
885265847
916001840
563057371
735106334
848681693
294376123
731567058
143714543
69981784
172296157
319501495
383241869
257613140
309213198
827713429
775562755
366103082
873927798
808842580
664781160
538829500
540108036
381982091
119181087
549856985
236057250
868829943
400660361
477354377
809240919
131319611
324206180
938865922
24468549
729972616
980125581
945845553
33731729
205849468
313192056
529967894
613107095
830980586
932143795
172935215
671703092
197023372
711227118
65103263
193046931
166558561
866005462
761490411
962584572
278014952
416224745
618051171
289402028
482270566
967248073
583664010
532996226
369863557
313330666
18989733
294460883
828162889
105163317
811639379
52188565
408494920
111491124
360412748
550554772
216473967
981303889
687845209
28351169
930766055
178488384
306442665
908020813
584212987
159650796
372720761
592099861
367625730
53596278
313514024
791406392
964231751
95555989
150991236
767842701
585602105
900017412
15640050
125681821
628400083
940959493
826969815
753356215
597016197
995328704
718806598
861495861
227550752
865566418
210446287
213260164
201624854
340656567
233821227
916378363
793715479
716783200
457103662
373448191
674443089
980737038
361483635
785733955
656185269
454251874
370518459
398930450
52864793
120609957
995939433
53106376
260936591
576797571
887955142
826889053
494218392
985235684
1939809327
752971437
971083882
918238368
115491126
566521159
21851181
582863188
183820934
226146349
11162279
287135735
74564287
866659014
697874220
641358101
729870135
331310738
244024638
691442659
58761762
599205108
110399922
3706991
84089766
87309421
972103104
497890582
849546332
406780582
43186627
541033645
789356466
838469961
873412004
446118953
304276677
117456423
318456631
650143499
757900527
276413382
690634474
852179249
312139812
863122995
243407611
28940485
386283468
902861002
615580323
711947547
807999398
625215871
661019527
476914943
888182702
351373729
528099068
863325375
773573995
481618291
765709197
843035390
365376438
819011718
599763310
967927212
345513128
778682656
773371720
632011501
446843844
821726300
316967562
658062227
494217067
278086609
360731624
127179124
813767671
479925588
601761420
50128494
787903840
274978718
786167651
464114732
338049755
164492784
21292887
822967235
587255475
807246363
123609034
46337473
316878768
554304499
818755630
182795379
532566252
399703169
794659025
807350338
364410932
79727834
60316460
982747787
512008438
745475243
138095718
242720107
656983291
487765633
863655909
314036848
379936598
337101272
211388315
319733528
722074458
501953147
727477812
960680587
94655685
333723595
84144433
723203368
408219934
252753263
551505263
387884356
379899497
379143505
861739854
258699864
782464368
879072079
823142245
378371187
710135601
202126016
77861031
1268451670
159951309
390193255
153485688
415946153
809276458
946283468
483250267
44769354
257319881
91458378
514165443
159447882
796245516
363568264
355640751
490000874
610999193
995564952
600463556
573370734
650599768
973658030
830530483
364946151
185237075
193201483
654054674
359338005
288541471
757546027
738429421
976091594
147050870
537315988
917890147
655009693
369896995
2078959
656671674
787833126
728111521
254193460
108078839
859570414
988819406
191946217
221859215
936867674
718701152
709026815
184229945
375096007
267091735
31037725
227212990
675721819
931508698
601725116
998296953
307378184
594572263
1155156133
618190959
996061450
648196820
647506282
865394530
961398685
420315894
703466305
511154016
225361688
766922947
852479745
780274922
316648524
559272961
429630422
990396850
690318342
746507729
205143274
912998382
217307067
842337129
254362621
592501392
852237669
602090221
292904154
767325873
283331661
752681598
230664245
277577175
770337611
798594740
91197185
80877128
855935716
253631797
977822313
33251516
488499776
970670200
785350668
459604480
938654396
248454299
478821469
415111814
416307564
401117469
754405993
267211169
819903092
1575468332
963516119
43936485
608763574
573257433
717126529
992053376
523621499
676522464
713602482
661224797
625202447
407829165
388851648
870988242
287223906
414387594
926421064
452986661
137643419
538556187
95401490
474769284
487112283
225458368
135901414
651017735
777327581
346454283
985780251
255082557
914303519
329681078
34309419
705709641
3899434
963277707
619582268
228189518
623046967
436884262
494165889
805088667
872472823
620206117
600123729
145868853
874123145
591980395
842834087
928192266
353857319
131882419
489757063
732149238
191019350
36277173
829328981
735009931
603383545
707154857
397264247
1368145
423302566
886429109
851507824
576972524
43995220
637432199
590358704
89528691
630789235
163655046
764226678
218740894
107790144
520208366
701571103
671438800
290992284
882325878
700493476
39109436
684971981
344322330
428809337
721899864
624526523
290791157
1259330914
26709010
961335364
460234784
309130796
48883859
96471369
694646567
394226369
215825086
870824661
741084240
971453985
540195194
568822450
387953762
152010721
344460990
686434452
901417638
1077370666
211313718
439314287
440097382
223079379
737968335
522907194
158244368
489720992
144897629
246705282
446492121
526555974
469179547
214180114
482594003
548641680
572675777
677907688
628512522
789181629
492700767
1372685550
112888401
57969660
173586669
91085740
31494926
609865480
8647521
830487462
644177640
163882927
878602066
480248125
498998651
672219264
896331980
782375918
258002511
17680652
737334187
642204698
193533293
587673465
414413143
329171974
840743018
194101729
476583745
510585552
897093747
535863528
828291149
393593102
474800212
524627169
319903372
242675658
86075969
24569874
814253578
803851684
711154850
310907088
399280660
400406698
738632652
622269577
609468284
844058747
606791630
784142280
628207095
911904581
429745260
836503837
105597225
822268683
116383811
937870006
115819418
1398682017
984683610
202913118
615445210
837589728
697695698
691589888
913613378
837677122
319423293
778661607
282444904
76804950
332020447
820686183
746398448
845360780
846351974
595591025
154347132
516710344
762830226
865511446
299202440
280897035
922589785
890725668
148604089
855301434
897856818
224534074
414019336
784786079
284874749
269203549
413981896
171734578
386145307
673418336
917787302
214497362
366745240
875636190
941701696
290660937
901405924
470928110
745801663
287029239
358600851
950408930
240380545
735485434
668913985
888064448
127412000
790857065
328382692
310233496
275618734
806956260
207487729
863538029
445788404
188820769
592884706
151236115
5395057
482428910
302242528
957660095
987576356
886905023
145900040
922407527
116706367
411587120
111289805
1819667860
249518790
517810214
834482952
997193432
130739277
195632670
659779078
473939107
268259700
745488553
26273149
331682415
327526158
506648755
164588447
392623677
734894209
689464415
573461839
108436657
911989174
819469735
344452078
754400381
989047685
77049098
442698264
520693338
868070160
465141597
263132370
168843040
682950753
710287793
321800354
151174499
378008923
525070431
909256259
368794635
718725145
311338722
391855222
950115662
720841282
418389670
526902919
432584064
365829041
473623408
643726844
40279940
54138485
712267798
436889659
464059087
440135382
973402748
677054715
556514079
612881654
460691119
269354799
514457476
975312987
868197854
75201602
108397229
995002885
553117904
484677646
152859627
183365044
819968686
15850868
901629014
788482111
229089688
210432452
166669003
635228649
72510346
3706143
880997130
26917954
970496515
552022204
590940148
908990829
514899364
325795754
833240893
166153733
85437674
451767627
851858692
795652533
489122437
433552025
860414770
893408937
843156480
619556363
495343827
877488093
127549706
543655417
35360906
120744039
587679959
239461788
744986989
403867052
778987601
296534701
193441285
792054852
678838498
767365557
170286448
166995786
779598146
656235333
340894593
914280923
566228465
549544152
851133508
687131824
566823956
7056290
194326630
742664395
608189628
431510673
403847310
645053557
1406192373
886200447
306200537
203531338
903615444
888440596
952257716
346032270
167093710
921914824
790336560
392850683
407664045
620895136
42325582
545074902
403879953
911235466
461249309
761825001
688814915
131444218
839288323
166208961
57746356
117499473
277538
594138624
228345063
525998890
204533892
835360425
535442718
788765798
971492833
521674897
961327584
873238503
710588758
15641683
210793051
863749362
317088985
214521219
206022490
411145879
286835318
255235322
460675218
970738782
861510518
890521559
134068979
969526610
730155230
707364425
765607121
14813817
869240289
703723396
418808703
765375647
337145938
618538690
347258691
483271877
153529601
175886818
499701484
183877634
474662824
39236470
621819907
679853888
363576754
100772134
589454558
953078435
339455739
788805823
10096110
672690663
989182165
969446587
584327805
525226400
151187970
433562146
529081140
676311750
426064354
794127057
600729898
53874118
282601911
204753918
538172599
619838151
906918523
580197006
5630999
869688908
478347377
749719722
410784800
101820474
911652885
279515814
503675060
475760304
236338352
458175205
432595966
737646295
802465903
991282369
707962159
393253811
189331164
122246388
338604047
239478796
470951988
651968755
17649781
686149186
778469274
145016839
276520682
173201572
285910500
618711043
78514687
643416829
639098615
624819585
933916700
260350675
532646544
240103116
488718854
744290514
692977819
114552080
977156392
278635548
897446490
581209017
246563598
978706999
1377758313
341962796
475469081
678677656
214636086
466955123
345714980
147781631
299551084
512718243
958250096
698658444
800985952
623106543
867884909
679965191
85768023
702843646
110902435
173665906
963959307
978863964
865763414
648262705
456858216
608298202
588872585
748126674
371412991
73364431
527903408
154424459
488072534
539555744
525415082
454452618
102072527
10763886
912110351
347975076
948694522
654352861
362782387
945632679
548580722
445565138
218384305
954272910
214695274
839760318
225913572
286090501
704351092
160199101
958786275
885215005
857487730
121990246
534956962
22990558
899544225
289195798
257328115
652511911
49730110
189573930
937454856
491464143
231622587
553953502
650826375
965524575
542748495
147009442
583940711
211319178
783259740
246568189
340763684
843533860
419608002
124957689
793087736
1997312154
530047875
17119857
469849181
863410665
928118838
367447430
827979260
238803178
497430535
24897092
946458749
158755512
468644285
884745874
79423133
516825089
946560505
265161144
357565263
307603591
209252683
981207911
596506053
758770864
735312944
748934777
867278965
729274354
460036328
580577784
1639884890
592516475
942105000
99027381
795524103
454785438
648020334
917711319
183312626
683935494
127345144
440088086
792144395
286456547
689108710
392508876
929545320
621197432
623958093
748320303
184575579
353333251
177782723
97635147
388783730
828317124
972266608
629241648
323345428
651452306
423345198
259996917
575740299
376468415
942011833
394775217
275489174
70534093
422335861
521547960
462821354
257639240
344614352
252163376
483561113
224047839
413809980
964723922
413058680
510041195
527340585
699660237
246158467
736240957
744507789
1643155238
897851419
345062045
212123767
1535353197
799838457
671147053
279527767
820874667
873983670
549931719
719784666
755446734
321799549
136382598
978774394
300382906
504786175
673492088
47108661
412116125
174620893
301408471
428311901
754511374
579461346
141221266
500301233
667238148
721588161
34832899
596199013
774388002
387234941
994187289
705521161
911717279
835103897
11675128
202171985
278851369
763576008
931566051
216085412
101225541
962547608
164577930
424760304
355251083
215918586
708472341
350256624
54050346
513086239
936090810
98074455
277301271
733850951
328303758
225650086
529636529
622764497
96708818
159806027
55614878
911166263
163952053
839589704
84999306
1898404889
194956056
528793038
237349861
317177730
930926122
874583778
577089070
952810669
553377648
382973832
129444074
522326510
256954791
344604406
71408500
314594416
806123420
429353789
849224451
90179337
803749778
662379689
66504504
421376471
384828570
635061148
846907309
532934720
365184774
803871474
271144982
681328998
556097448
868993419
945221726
916199561
929359491
660662768
799886591
25456487
822958622
533935845
795710625
835580271
509529066
56383238
444005133
278513831
153390932
441374708
260879552
37341096
917535267
1080815314
927686688
991351597
415687815
874579431
121547071
252586340
359900341
740298675
633333018
127656726
967763854
210442045
179432219
496433219
891154881
905512650
36502275
723451345
522466616
888413654
781284916
516474767
942658776
411689673
98317357
67728023
812290121
172296968
485917853
251410515
435567369
871106237
383748974
983111974
446928859
437516414
145183062
942067558
217806569
241150297
669229656
401255092
858040456
834101070
587153907
996688967
211259355
621410222
162030129
489857080
500897333
437413801
18136912
651302049
504078577
823809827
677740293
888039603
271107090
728159499
270748403
530801797
65857258
337118669
240002851
769516306
784768129
703555374
935179449
944525901
935141253
286718431
195423444
215922417
229570471
277676465
502299795
97632453
532320020
418786512
446559455
476998271
111481327
177632430
394949196
315514169
652785554
516944090
216568247
862588445
420330522
98271229
42413357
513676864
406648468
796647606
938796421
615219295
792590301
266388727
615767289
615465352
652567017
299987012
840690280
226478108
329884764
163453754
111600785
196571824
647946494
565650487
69467428
67799917
769626471
721527004
391712776
315647785
8900211
795696703
354850753
49762487
918367584
551879806
450615552
597931694
597789757
276153680
910497929
675978848
178534346
461537372
923605778
72291109
15928131
328624835
938821438
704051208
698958873
189569762
512227248
723677585
769920948
610943197
245428517
234674430
194274850
90235085
199177645
453548636
460851804
955970515
399911340
50034764
683432345
165641426
647422859
78235015
348719839
515343839
547098220
581254701
152136052
904070896
943620814
989503039
70790752
64559482
34835500
590994761
970077173
482807648
411409714
336380235
848871369
440537644
406255511
57533502
25734367
608709051
475173146
366289485
306726547
593821286
767961094
344820386
614543697
69296465
188536146
640285407
666614160
880115801
932777711
558355573
3720382
878863406
644685739
140106027
951842769
681009929
435753263
296831837
891690082
418703272
368640767
126503288
26289694
149776026
993816628
785921515
958423831
548163285
763630190
100506509
87223543
401756315
58146650
626562531
539062380
749467194
843572534
57487140
647093408
52214050
379296313
136259741
584300843
869444301
313394693
85631827
953662153
133119695
558509433
837176161
950542582
706082695
124356770
787611908
572126493
438129605
3030594
401349133
355056756
418327687
652660651
587923178
890967301
335726025
440726248
268159518
48967438
245386513
293382617
365294441
526763073
608378611
472366469
110270509
463701994
425601324
654663993
589513689
43469311
607709624
771850489
652836412
221512316
696194221
589629240
126679864
381193167
740201098
657352791
603537296
189097344
21414449
842713023
850437100
48942410
491610714
195462679
738294609
799531038
208153105
663295676
674130976
904302177
195887989
183670370
236352785
350593106
5228985
82709222
622661528
190258114
301284274
883902803
301832670
479716224
331482283
679941390
918535193
66402730
736761818
826096197
842192904
572881117
333308264
480258212
370027925
342288497
633361491
832790829
306791602
693131925
38655918
775195507
346438850
239486198
792904117
954770493
618148414
27590672
224199466
728746663
826239206
161700925
732790841
72347535
846365160
933087701
729959966
802735209
654604225
559285290
1612742189
530067171
889886557
230324573
242577254
295040610
605783136
487635887
327189747
779764585
444114340
747605388
68977577
710585156
456771535
349212866
38246845
23252866
578219916
576585240
626017284
999980624
81283741
778792385
132331979
737669864
1781454282
