689225547
519255652
830687446
702192320
552635198
243163024
373120389
556394244
500785708
183385449
599895277
61139643
451333525
127018096
852045227
691082279
829618788
334274196
621688357
141215966
618293110
400103160
865235493
624754218
72631918
127546911
533620203
997187717
212957118
36661800
758072207
944024425
959839135
472790072
557160165
443843206
395622921
371751679
642295864
430059163
90483795
532178070
453798145
951109379
93273997
139892235
168603050
948755952
817632418
515628319
133053654
935790097
251552958
769014590
976584605
270768882
793800188
489322895
315118089
431007994
342476028
382302006
9936797
931303960
201687064
493069705
488921200
60517475
840139154
35168029
176275450
482946362
78241757
83911666
562402051
42449411
708500428
298824042
446568393
896799109
188954466
376564743
347952625
787102281
651937040
263935724
682460951
750863757
546324685
517333929
587007416
949835044
685463757
773677077
538734319
928238187
292363361
304211311
663815292
503348212
840713996
931675225
939618484
868123010
348408704
288339799
637025679
581039655
787599959
480750480
546365316
455826211
956965290
636327486
422325860
293739641
454426820
42921663
1580013034
32009098
764997173
612141924
313266892
688762749
279417857
49034907
906064133
368881640
207054114
764722486
580151347
318131911
944398334
821954532
395960339
559753298
55593603
462417900
307256976
761877586
214201337
847662965
815082338
878839850
469098358
55642673
929236711
718343838
68982911
747299745
960390821
630162999
1109375060
994074480
496551195
803505883
758717009
843051582
389684992
424121392
238541912
656927201
585665611
517497336
155909524
950498554
424089300
462315028
270184950
297249018
916602722
983718671
420123915
425369410
345181240
86007727
612168452
794799317
218004905
880347567
143645667
167939754
905679843
240335373
469366658
234496058
686657039
370213623
857401822
2165568
379592576
882860440
691445120
664553032
483894663
988084413
812925443
143952136
216702352
254658124
743434461
60572943
860936441
840093495
36271920
487629865
178958242
389532716
907323708
109101296
333220690
35897021
316044996
707806692
399044876
230945174
518819419
410083973
199874575
573279770
51627036
755482580
631739487
928921664
334049954
391428793
588337605
977883877
145436665
105352446
100432607
547677095
677820300
863378294
353975884
913016714
8336144
552127701
10847526
584128596
247249442
908359808
608455459
524844886
582704132
896781931
623354319
109394329
146053779
603159315
988897959
841860589
927157824
599016236
946288669
794570203
460297818
21862308
376254661
438481732
788118697
740519882
415338691
887648073
404055523
100200073
32781812
826084838
515497179
489461679
12043542
133887644
582251582
134307234
898965546
1396640
948632416
578822013
215745970
546347242
819672903
609565580
967770516
406144099
454544680
264098530
760880982
818550355
30420758
789757869
628383013
731185919
571664966
267042327
536306822
727624948
175031547
942277929
587913340
726992773
378301532
764853273
138237877
23331848
81573050
231138670
284718897
365540668
427113533
6981356
770082502
796715386
452433883
301474621
627712671
132369201
184597782
907758396
973977284
439278470
994236115
301723526
425329721
478192621
324085753
882707696
709316874
158120915
87001478
466851403
917452193
367793937
388200936
95801740
210277819
539948700
603655308
659520174
386521340
867628222
635592077
496434752
27981518
292779145
585283897
845375960
510546792
416600988
240863567
855587065
150302654
813984776
714244308
443782595
105453265
999495710
540994514
48546236
902252852
487180798
970184286
972311891
326064469
958896089
39415430
299291594
384390683
553792590
818516062
939028961
373789662
245899054
649552443
945361924
235279282
990610084
442120720
708280089
206694619
139704662
286665016
180545395
79642445
866695257
299650745
229837675
121223304
724953618
832933894
697003992
785917057
788419164
177519355
973139451
986026461
723605144
533064966
338649725
369921319
940328280
381898402
63205879
136896829
382794256
453171371
373791022
449968235
731259058
620810126
72667175
524827415
156226816
184284976
917035681
841747103
631515819
290446715
942080493
492690180
642755079
266000683
356292271
745082536
133970408
818518083
597220216
587683368
583692099
443639676
93291316
816902933
652048270
869167128
321842983
615342343
219982375
275080918
296027210
668163680
802721598
986702501
373393169
909723636
488099740
500182625
905359793
347389159
236772791
521444367
174385535
827150512
127293805
764308675
394682508
952538006
137679857
26378472
815068324
111257484
816671775
721279490
992708336
166358425
322126340
390790877
47315719
380586787
879635816
540444584
521079845
360085956
131420220
908384972
415235133
81424496
817949266
549889284
925107856
857292791
454373017
94511381
373266994
456491004
478140567
579552311
551041012
484557036
61547405
892460278
318618005
857758448
177434810
64530019
735474873
84532831
35604500
240665683
398812819
799188436
528497358
692310488
323018543
254341578
284105794
943080907
20748221
153498913
628525376
433512346
1134864886
245113556
233810359
749804993
728919866
47035906
954824992
923087826
105651741
754946705
348860581
72751687
156636092
473826810
116541995
1755248390
48150551
753950634
470804568
804238299
790807962
510868565
859882258
574494391
791965883
186206287
587295212
485252832
112818549
727211198
284095820
78389856
919358098
764202154
973636689
361049120
62099802
362443655
525826798
864526532
618790552
284748675
408313713
527133080
393629759
707166121
444389642
281782966
520136906
731216058
675922223
885798540
755783136
916953606
146080802
64162835
92459149
1257752815
712828467
729342335
738665207
116458418
366737780
947018059
693973655
787478075
433998104
870984409
1616600833
593283862
797412297
787784494
494308469
421726605
52045628
402525981
266438086
302662661
627155349
791904015
834689902
824020598
496103783
572737169
352045041
780749933
740830132
337194191
364528004
79711041
297664024
759470909
743916221
83748155
607649839
707292382
333370354
726644307
348337189
289863928
594273212
838137295
204555732
312276505
168383098
526581396
619519390
876697451
284990543
583939440
300868823
371108847
616758885
390931412
978274224
66025249
890092787
921872007
553536708
227559724
738113329
738766518
385342982
166331399
45930572
251650561
501339701
234933957
441971693
391527964
762171217
98866729
50440461
696232796
506251716
858356148
331785657
396048315
450606806
278573130
270385138
226107456
756186613
869646477
24351602
28995730
262995982
400551243
342550707
159980260
170949133
182979862
924322814
575502071
548237473
523015210
962620951
293532108
965696446
90780743
97330790
517312256
951934402
881466600
827107389
440554112
70906479
187865997
320790810
317659253
646595466
420024084
422684384
284545623
454309672
818183678
586623562
712980978
315439016
407576488
244004452
859708080
126455856
38058597
352072160
99181752
829527088
136137741
640525448
968762919
446239014
174660910
440933803
748056110
309063387
591876988
641860186
117506381
954769216
730870304
13182595
720480431
272706561
559831121
298874264
309016622
372542641
798218196
653098811
906200016
484312271
568644298
744970531
625641731
383865567
977042485
365896760
826436871
121537576
900254462
798060475
636891142
151853804
751603532
39085597
45116870
353550963
968609033
391673543
946157761
487077174
898867030
856592994
64302385
992410836
885012739
968520400
725299559
544020114
7547567
525744636
101387751
17325943
909667348
877654719
898124258
234835037
549498782
563052835
324014666
254222363
791976876
685604888
300442574
386901383
978218809
764040481
110768052
195279161
250139581
351379766
305247753
431575072
949676499
550280039
131527152
237852422
741661943
954616623
453736849
538956291
689527129
376105247
835814626
953504860
408299447
398052665
535951059
990663277
564372717
987586362
175719046
648911725
368975108
901548360
73433635
555116602
5370555
264909142
234789986
541288861
1417348336
655329917
877064882
201922113
734680878
667505884
269099093
494135178
461535036
609607015
496650356
381834806
246880347
963171717
120192454
399525065
375216975
403670370
919071590
291958400
589594794
934188864
411010231
205510051
823003243
924921316
844712973
445408409
316708949
968793906
229934993
721148797
259619757
211910174
50575765
699619797
622482852
411200258
418348698
470392579
899872610
424239329
907854737
546911568
635513309
151202592
159957891
104674148
662807633
738834877
492896362
709781011
902703325
143909316
446031727
267943305
132348796
311920191
274685198
66494132
933346550
68754903
554717869
678508420
813124312
300832465
884486782
313492556
69693982
408489053
310566607
272900423
898953188
654156199
451348290
855561913
655400100
1650872171
960661192
66109546
538135061
218397375
624668201
192572999
633332821
1155307283
511222553
746897010
237816450
883654095
901616102
541550376
470359249
226781444
347147624
373859918
572491796
183585952
309920957
104099321
70233356
708445248
904912643
28563163
131645282
724694655
968538232
329946972
767458481
7459407
145934445
930767042
238500271
91959743
369564973
942111506
193474219
188753124
498295251
635146604
999104446
677813212
546381702
111961589
273686896
970867419
529066159
707612603
150632663
223941477
626385303
203449316
194305385
604116590
723147613
219395064
647078340
842887942
251892579
956934920
1070255772
958578098
214594778
551712693
329018922
404410825
626036033
877091525
994028900
898422383
914055162
168376124
828515552
640114165
294372608
932203547
991668251
149314429
400845386
525133867
5264011
1668908449
811785984
593599033
594373453
522023799
433332771
258203955
636883190
954746531
510571229
495723403
35095233
23028965
184936608
79086938
105544119
690305876
394573261
65024560
260547610
885908616
968519081
912637201
13041175
874878577
843020540
627171798
431303189
373844165
187445690
709874602
349995806
256209181
919197695
268075332
901648520
812729254
8021979
416572753
144476112
735751396
244386430
520314242
542161866
944109298
924879278
879827946
861351254
427273491
171622051
354083706
620930707
433551791
613982643
943709936
253065369
237683560
896704469
918424170
973962549
123858343
273449013
259006561
43365318
320619914
12416763
748561878
937122273
271988726
168892392
908069431
113945393
392057153
608048400
270634242
719814785
740797968
754406212
766012720
682853224
321050941
833155147
208430696
300118341
38210937
413216612
73937635
951991829
640264666
887053977
276665507
138391419
562643850
290853359
701857289
354516885
37500231
541941996
139859714
77611608
724829546
594912865
734909838
902458516
390423913
191589395
344584622
598432808
366871243
795060191
384940003
285340494
649451417
105459554
340881647
43695970
90353517
596845424
440964069
692841327
39957067
797987820
666398201
436958428
371953889
449426758
508283038
306838996
647556306
423175937
286322378
754975521
348355268
148558336
774473663
318829378
701545596
614928100
407220716
176112930
349235676
902273102
186483293
76974643
401894283
840031989
61987500
356201197
201086438
467877096
260923425
623459519
309768878
765628160
358534067
523260844
210542211
618586987
256997265
321145117
520486817
973178939
598961650
830845557
419750560
803157788
603407402
516363796
776180837
873486321
12215665
240867694
843685792
297095190
634067581
806487952
882840461
904345426
989848691
138337482
909590746
995161807
314157032
679003335
358425267
31323698
462307568
36450195
888548847
393673970
393208780
452412877
760924751
59174057
162474374
42449711
477351395
60106198
256529470
909330024
679375422
272228903
792927526
865098171
695110383
441272370
286076774
963450629
439973968
886282844
717809276
4568222
290525907
763864534
800399554
911625882
6031608
5976273
190281164
301376504
561125592
802245866
342614425
371751812
888803265
919169098
230638535
426415708
893159008
577392432
408659523
154870250
671386075
85394983
202531049
515325108
896307270
761377297
596987974
710722842
929411500
489760304
41719025
353830647
794134609
472450716
558968374
827669874
874054993
355611505
365918709
58127877
102685577
775470963
903428331
724367329
263682558
815150109
482561962
523400272
59441688
564150644
371599239
886926366
37487605
485488096
467272865
869661817
191191880
386218260
521771647
114524530
267498842
336584316
700710909
435811437
720829497
775599311
873329109
932266461
342095288
35477184
606209708
159683158
17461048
693154617
49763371
444621326
331947031
558367087
783924046
358361140
651815503
477053005
888873168
11977465
979321903
334029031
770552714
144684216
968494004
300685583
412607250
183734641
712772429
54289734
216912745
521912625
239490838
308987110
649291953
588195947
954571796
28770473
972162989
841648365
790716434
104254947
672829047
59624721
206225800
409858658
250048767
183272340
289200736
162917190
676641140
109014736
140299597
285824552
964570340
835371643
520709595
840102153
897336310
686808243
297077447
827681958
62422445
443537264
577172773
769962466
302194615
491087313
582570169
163879916
392827334
207353627
574580518
280521429
196526526
587461176
550612591
672494930
510985316
455498834
86432376
383191482
891255749
278540221
571967359
182977393
257410608
186571453
258668779
683335269
978034310
171433230
101744095
672769936
9796967
171631942
986398830
544529229
351416041
616320669
278131465
239938540
11832020
68539410
144209749
919152656
202282999
113707941
995527599
988117906
554244586
813050908
930781648
884331648
413327140
743279213
598846321
379627884
755656810
9001965
473905493
114544488
98169453
905834280
263584463
546263193
945149027
451359959
895203181
306264315
319754423
443298238
789942610
169003809
810066146
341319468
142110439
795525313
555221537
357518824
339087950
138536243
626020619
773150698
835629883
171535328
114581142
89880447
715125849
175305740
311775841
1181135953
676765988
787590127
581348645
422128438
288941538
753417733
307277041
439047689
365634975
9279308
179874013
70970281
813900992
309476574
900728258
994210632
270939913
158217
868887668
967570564
627316411
679958784
90626202
383392832
649678897
618211238
503617336
965270448
977903763
152078161
641137745
341107450
486310403
618805024
129180063
216219101
104301894
448518746
686076520
333882010
361548598
154133742
685063392
981339303
773919212
515265581
1496454
942018972
630785386
183762337
73655713
92465965
677584160
983724655
259431904
944323245
40937680
657699046
586275634
26500430
740912162
815885261
971833056
58427680
808877335
142791741
815048828
55419038
817753906
297136877
392974902
371126224
819249026
584615882
332286933
836336269
502998549
914244303
713317200
214512298
920343445
946754241
224093473
1698366253
929391102
585262585
563384425
105373791
995365821
826311792
310113776
459805410
312159403
709711009
65174798
241676518
300944192
48377947
224567390
933112971
505627111
518278424
21807745
962782087
994222448
61944590
511237599
938951875
135018350
437444230
160250954
272360659
904031627
134395897
565798137
402473211
421754312
829651923
339157215
317033932
392531747
83567881
810936343
737367604
712986855
564845595
168420449
771937058
923061610
713873802
906617801
137828251
1120649132
327138407
9741412
481127946
532329288
824525184
975519041
848795363
787738462
275616416
823833484
701650931
580840340
418454645
727612736
271989378
402455517
497989571
792621694
981516444
482534069
537930504
843820465
684435787
902596377
605911491
324129714
288724715
997803363
995616799
397931410
527088268
497318962
377032578
699786454
456129235
286448951
480296727
643259740
555081349
216488087
508205537
837357364
535452892
463093896
128821608
219816330
515151486
809622103
600802902
215434409
115023322
652782685
840682278
676258956
390143771
252117688
994651761
927398079
581096829
478210899
1571073549
323416885
419872937
489529549
96458579
917993821
84796265
142484455
956269274
507764756
21202974
929074476
278574780
735421223
367873478
329152793
201271892
615910671
19668420
909437900
218429739
918151674
553389238
397769173
447076260
502863358
423560519
599843009
267793256
486312362
783152634
557631164
892954528
211733984
232035412
265376737
536410855
84208754
112434835
378389690
815093931
722601489
9342668
325545529
430117734
730375731
73038483
205022652
752408528
296842265
969701087
235303890
728529635
877724196
306385936
670043774
734197982
914300818
674614344
906272760
554767106
843676537
706385754
92298969
455606049
775444972
556062976
565641075
547492595
171216315
428869177
385370264
686307144
883154436
353548370
947495591
782035029
529574729
219937206
622116919
410106401
701358615
582108681
805131005
790898188
90065726
274623756
870306473
329884907
371794097
522429102
58232924
488527180
960569343
266080113
149169750
804133044
540279685
944482841
351102944
312085546
684675811
134570596
795135743
585316241
595311615
705269144
83657040
655883546
582503611
277135294
105825251
222263954
635291591
111167441
205160028
842780614
827453907
938795006
768990018
383258245
879879138
194945973
160769390
290789875
735391305
744379202
506284771
435896153
666769651
187401624
687578168
310855044
252793139
208875357
56423776
979066878
542080688
828966769
461164596
887304988
18496939
481763903
917105328
462453331
433804753
932168742
80123076
361629345
389044178
534686588
687718513
232375642
204549365
345327602
310442124
824087285
593221354
161391031
359643313
781995478
319086240
799091776
207873232
501379438
964804516
759926403
516496585
198991121
349306103
309737650
154729513
417792193
449473017
186962961
660159436
745441592
622652648
37548472
458033976
407305188
702648169
159747722
555314606
381885311
389684229
70078534
751050014
989568464
324771927
181519558
381960124
98851100
900337187
929088125
172909500
71859858
432540854
144443051
205654744
67114448
148221154
400480991
343338499
776656513
642747614
687452629
535960842
134353879
814643635
512838769
663928322
787930440
269087588
561300413
469290458
801298677
112688837
568752682
16865978
586950956
965155789
468340253
806063964
947248074
72469523
385490243
552420659
27055854
403015246
658352085
6122928
166519624
574268874
199374391
806384296
42415719
873979292
10986053
551846231
286270631
542909033
615430378
196741395
224777378
840254468
154075320
119605681
606368774
525469334
215128696
899171786
985973953
414249325
469556801
99798798
475268756
292705320
698143119
641986024
838112738
523202628
634945313
51059140
381574497
847276842
333436042
271787379
601624759
711547775
632871787
72575245
794234251
285925550
226439310
769317761
786961475
39169093
858813228
791694246
658967907
234747117
924587345
664859223
633156881
414402935
523495450
987085088
624701806
842166129
706027922
859447174
351846135
332538653
106400739
168549253
822375921
486553305
254293771
832471853
1566044408
263746193
808558323
241586053
161990209
335418306
75110001
917462825
765078655
447931107
941096610
711186080
658883684
544879634
681959027
586755479
1493452752
353278329
705932135
406018406
670987463
291460794
993541953
664985930
346057211
855830253
13196201
68385049
186283193
879856262
686385510
951946924
455279358
992296502
501843443
17595204
1778524372
175562112
718642102
282781170
920512738
125190260
482966812
555794416
203835271
439210598
826591063
554176493
337854092
412827085
166593620
911509312
371909214
597445859
22872386
749328431
841012605
860512953
301735668
509137005
821348277
298128659
478467902
302537952
458805473
771066343
182944846
63025035
293399848
242514420
946152475
29620014
566789415
415857600
616875619
406543073
790557815
863234935
732715528
684445616
957552094
14893399
848416952
995032691
65012423
558488379
891039020
769600089
472913050
870488941
344354385
335648663
261875220
902960104
865168162
199540521
563092927
365564753
548359484
512643217
857732121
4028625
34318332
256155823
867707033
587323102
893012686
531460687
683344419
61961397
801675388
120456949
362205990
614585398
993822183
141960636
225038736
728441805
619801194
624531931
205155041
154095041
339017725
816224445
165603194
454771494
396379538
801947525
442940581
542594106
75234520
445226291
589388524
968116389
10402628
715022568
939634363
949709191
13856311
66099436
185073555
995372697
479564774
803525080
547649109
236121288
668332953
127731163
522184249
854611854
332231473
150629530
53625895
357924688
724638140
666032169
405618529
975215136
610986474
755809354
352278348
371534990
201793917
679027741
816452720
443251890
758089210
679635352
392624849
361985045
567554813
199533031
489752466
920765480
285067849
657013457
635483598
596349357
338202728
512878724
879140615
94579670
270926614
573348698
522627738
548988916
819761406
691811083
352522315
150546739
73223411
820330697
920047061
271952956
298090047
590528821
845414194
815778849
845132018
668499453
795939079
913091168
396463806
574299454
366409678
586466736
505617583
154927902
506236638
900405149
948816967
708845398
708970507
966496076
406174794
653351002
77520300
395963818
908925212
308605430
884448998
809215994
396034268
545739783
254838848
580776818
713018669
972020021
114831821
911283989
480878862
847900139
318703518
32348027
436332230
205062799
795639789
879476239
523130046
828096304
414253070
247649976
635710370
273387770
295015317
88401690
11507364
545704306
897760391
21198895
475651797
798469004
12487002
897216059
923086221
11505921
398515007
977717765
985944884
860089194
641140868
353489817
708992057
253555325
317798265
630512753
842933595
449700873
845826801
882730403
5126662
67822193
145027386
13539669
660988701
821067673
957035312
987038552
10662098
184039237
849621270
172139492
708526507
55144860
425521941
950527245
822289486
29183375
402243865
655604452
457474679
1166114257
726724386
47372617
612131718
420715118
958036144
685654379
177014556
430847935
354591624
115421379
941205732
53705966
874703684
869558873
162369720
145768384
909765291
339347833
593537368
704993413
831075870
799482845
158236245
881903500
419603986
885048657
220153712
365120348
476012362
325411451
270690648
699214559
493053336
26465209
683129756
494281009
201691378
831868333
562879091
670236989
763748768
57377230
427770656
205100506
235298138
66652705
42086643
859493405
548484325
813368892
160110294
592594341
73916636
182978621
146852655
772494481
75159729
874874974
371299211
588633456
881082559
905800140
305590628
818220440
769886708
408116613
1553105699
692486207
347508608
507398938
397217523
420383907
268909401
465895573
623060777
35337963
995156696
382562713
66692973
197452885
878002312
532975064
884278289
929745198
980381933
734205959
24392600
730659675
747799408
646123626
909327035
903552965
268814754
521105189
179086976
343369020
79381111
790466476
685948718
510053309
262406038
531005641
926716919
979690925
127759588
832284485
778586020
627817684
654181599
942932504
257505918
538318278
570417967
797923905
857212309
555280829
410912039
781363903
565728508
933233016
333118039
912328460
426675857
679630551
876962354
681063610
742386608
958812689
665141965
131973039
112898604
1458759071
474000378
285144712
270353930
907099912
668595089
236936864
852391222
863202032
866436249
610100979
95315889
162528727
451289470
459663605
914518553
668854899
336989911
765402513
407070883
827068976
242902062
433884492
742093947
545375421
980711415
254472351
349642968
48442584
926321056
860701215
852517112
564312640
560641234
410386463
235938177
547899475
884077371
536636723
296405241
528000157
569821427
367851395
85836883
405854763
150186019
181949304
718794276
475388349
840571229
638843299
528990940
2084649
710538926
423080390
156738089
20444170
878359457
386566364
681697569
414975084
527820637
313184044
928853335
268351359
894868268
464651411
52813270
116017470
38350804
454890602
302440062
467852896
486785932
680571098
487289652
358637524
382727803
492835495
667704871
447898799
673226596
538249133
968421872
717620892
166661095
266600992
592291238
599373018
794255506
192026459
505380695
718395555
482398863
351596297
442309951
28846538
475407871
151244297
857070647
768465812
686253041
420148123
377618322
485807052
475710736
429731107
995681490
846974126
817507377
801479663
954303655
377532238
494241797
30341438
403949878
970752616
391521192
723384932
789995510
220671578
444980141
756400424
311159396
200073037
835743972
331827347
328708947
941993529
948489449
309017067
271389477
188699820
346862695
648926974
154079516
747734671
399456009
1773065384
50680036
382459411
117815537
397961175
31824068
249060051
81676138
858267163
430795958
470727676
45418511
201951591
203464024
406583640
143451852
726944543
604241379
631560712
36897859
213908585
139316441
74529160
840356595
449658601
52564007
656877117
217138211
975495914
412190485
72778969
763446191
669335345
814424285
459885294
17934295
916386865
448408739
943885066
875899768
545276942
672065884
130852764
403810948
226724859
768622204
667146982
12354192
691475441
474377936
399352934
286218018
874456232
953616746
302464267
878088854
627113388
21708723
419034554
76970074
609955915
732186519
69179912
787601334
870001229
97146998
759444501
549530076
308184470
533471009
263060069
644733219
453262713
318625123
35719926
250682007
660641689
893925709
249974195
828858508
540468402
915944734
199986675
517557145
525678556
259020600
572312458
92237993
754186098
228323144
368543186
890176895
882116930
57093545
601864875
753918663
721522879
848964289
820818228
341637577
329930794
358276754
320650435
875920060
243996106
263726410
513938976
567983495
592969579
813932392
36786947
720446443
408729179
136142669
946816599
321706620
395430086
608798523
8984639
408893993
383981109
700845147
1930376457
490219609
571746166
992068498
485239545
168560741
295808163
987395014
248023990
896568837
882755260
203840242
565819348
767255888
532947273
924954225
91103335
340568680
397113632
806509453
875760425
217328605
506149251
490090831
768672479
904046537
529934546
842151339
153945210
88584374
547818953
196167490
880068755
247212346
790325009
524820340
844942702
674163486
732803307
962046769
721901165
749947041
892691603
963651845
28411718
217700809
602253505
12434180
667556069
633180621
867547991
576436551
413999328
176863190
909043920
571480926
773026923
819046287
162003275
141966911
397889012
485687739
727467500
947064326
480896074
849134008
633155253
17523139
743878289
603478642
231690749
34746745
287519765
171824897
555060233
287167152
92365580
231445358
847759848
266826925
380749361
680445108
325900517
240455453
636231500
27030179
69147681
358865727
308796578
825773921
934283881
317002520
108708497
666549695
721181390
620745252
944586740
640822352
988299664
974918206
806618378
397003134
155004946
34499783
946677462
92901303
237858128
114786363
376292526
335808171
1158437793
807517021
436516662
497388200
182655545
482213570
90159857
624963619
261299883
106963395
746924270
145435662
157274049
889944225
119958831
784416300
378096307
898079207
981653420
384584176
737594510
196452560
497620349
209071239
607647145
527556364
872157431
770818749
361201615
171609464
414514089
391321672
56394234
544713463
161366868
788241817
773468862
250054908
739272464
457261025
17771497
794335929
994027649
701579888
348905902
987786499
571105682
122276140
987508081
77373535
501061147
341239021
26854514
505633423
561420746
145872596
49886678
326634668
486927650
499795976
935904991
857073962
535733291
459911994
600768110
637646905
491149198
104957656
909179774
71132618
825995293
355036022
982861597
44893063
426064899
463827158
194495478
954629321
808448601
603890383
549866897
714159784
19968548
579232451
858778270
651589131
759675742
151316839
668777098
142695712
245350220
188575379
221357560
743856428
374605601
649021134
716855601
862828052
688394019
728929888
52728753
966540173
675134824
326071755
973976614
396658158
851630795
257595929
803740489
646925569
885778151
980799377
573782635
864758166
361017065
685851464
889800697
495296751
538472490
799079862
122906667
17791834
499100541
716760415
719403465
979640848
811313050
239649286
988469997
53329882
53192809
525352048
30781747
497677888
496279021
544812245
783253467
570053015
922426599
483746220
394240674
439633896
127683681
550743089
272476478
675280290
82892470
491102332
572570731
515023472
675049629
678258878
82054176
935103559
581347011
434830688
458092977
621906969
264522717
575932609
98929611
932114591
18431840
271566818
716101924
170914405
87246022
818837690
972904180
150757665
266880110
463419292
779104838
95902952
56010894
86923692
234955554
72510158
163990578
211763841
633847877
161520861
268484705
1628752833
187624300
98630427
640591196
19107657
956574423
438821585
161309023
209140174
411760188
317666032
55784044
143050699
131110740
826492766
324992551
636673247
120353471
712738703
570535832
637938169
61323843
600175693
512181745
424159670
901899244
449126068
462827211
963096009
982301519
436052550
767022757
299604920
332733970
942428046
195775208
396014926
748633965
695987688
142541399
896115490
595846008
717640059
189384958
798570966
11539327
966756931
424639445
235136651
745469737
766729905
164892426
63450769
350299217
144664816
103089126
553935313
305886878
602290751
826565031
956991722
203584266
136840834
518490829
1662342
914774330
804259171
299492989
5604514
224753549
130420631
94182009
644046906
452120221
481667043
396488136
770605451
126850800
962753273
685591966
396980028
834620181
747600039
311020286
83997210
802720822
320549334
401831267
49084262
420681646
403328869
902522706
637923225
280992139
834330560
262471421
698756618
440182628
760592576
533474708
400503671
48069731
635300991
170968631
496220873
429501509
639080547
1355886333
173035301
879653039
153826992
982852433
215693045
514634935
914255628
34752185
380476572
302699476
770328593
925344681
440046176
53321234
189096956
832525379
469738913
52772592
282340455
236703840
823309167
71214243
782077774
612784680
106657654
134056000
528285383
413164722
324321479
131128009
412443244
863341048
50248024
86019858
184028645
334542073
137392317
694606431
558140738
956881287
460094635
245940881
742968045
682943522
886382630
858445840
733951038
509520477
449602886
122127709
43911009
405383666
914242253
447637709
209547206
799950239
921457005
803671336
545650729
999529152
790822095
147772850
954535109
255181287
587494188
703205400
574198597
460173675
4896244
491909733
221580090
72842244
85911612
305062290
103343855
981772147
999652423
347068126
391848048
454161490
384115145
486063709
784057391
753601244
49719232
797063352
752508467
948637594
568752541
308891880
262550696
974067906
275423055
459814754
597073850
386990667
493395829
846537997
625464769
85221256
473457886
530640650
412218479
230437158
734311869
535840811
182529949
444748045
448689175
531811906
113638263
722759108
612758241
338092602
235578542
679454196
571647856
719334762
365053409
965252309
866239160
512594942
538688871
10782956
472535001
811476306
624951466
951064871
117266910
539424119
172703498
348720840
858951431
111673301
753006704
117333595
820951699
277032513
668020313
612516945
909712503
929716174
104081134
688826257
843068604
1280210721
834681958
924730637
650249809
632787238
65991645
71196958
14989638
293161214
206984118
25257912
949563632
440976080
526280353
605592135
208683156
1680188491
270076264
255057661
2625225
203790811
996615467
611490660
703882453
158435142
543141909
527178854
288034364
93175705
333357763
91918378
538707372
453499436
39072064
142377216
465419322
509799060
599245977
744796288
571542925
992688421
574031812
807173114
929654336
697775718
490263671
964343532
61689000
308998321
78391831
838841514
303839730
842259277
886109591
861341088
57320516
740505948
438405982
186067887
685036544
944368749
98448020
335272664
931024963
540353038
724538764
518773254
618614747
429706621
788897755
628212808
582461059
863174099
558434641
462267021
215048415
36684845
180934045
371274624
660323193
563001654
352330813
526299651
253241173
300662262
651101036
222823110
706190466
586217310
135462335
780410677
279945250
999222923
762999470
461742351
472829307
33052113
980318021
869256438
713409211
832516981
63109596
81018533
18970371
23988228
750952156
792316349
304888590
309859753
628596195
103347052
992216015
334895075
577724256
426987444
25566683
579656579
590213253
959194204
19695795
826533373
774294074
174653407
895991853
793084882
187769847
865645663
649987791
229242473
205191964
426242142
611036425
451045790
872047263
1463206488
177007786
383745774
433419724
504564408
832934163
809260675
892164163
797323011
827440168
367900236
835438878
710847157
917674279
984207957
84785902
249154778
390003058
800336195
170479753
650002834
781834411
823528311
776112900
206044722
242998749
413830553
744183286
849051314
955270968
193105721
79664101
908508221
324358518
701934542
873551775
424203806
837229852
970759164
410195942
870402615
308554275
610408464
970416773
83783068
342285657
36197763
703137204
198623691
696578981
175279991
624823038
511728795
238644304
273239610
245099547
275212038
573196035
853326973
335121437
43537511
315845598
632230176
666755801
850690969
443868625
864320699
982856203
140258974
953275216
260121280
15827704
929440071
468878878
626210995
935116759
249822784
710549169
639027510
98215343
788861194
454776826
126442095
632329567
521529389
811804967
872880351
135558730
722444884
82562059
329279018
540298460
219770600
663097600
925437623
64232659
251077468
971160319
746543698
517594125
129938383
407730250
735127036
287697303
444323207
503344334
680047453
442255546
352203424
573046581
291599969
38978189
654501658
599296905
302607220
676338361
647734460
330808407
896340359
128303950
368481489
812283088
768740503
918277004
68705480
894910130
73054192
211584249
285826148
640575134
26940991
938283080
334502851
915574808
938423056
888382678
675165385
334852967
613138577
52145401
308607503
199870314
994476381
329837388
535419978
340099771
210468190
341658624
925588135
133176958
79192633
628247643
206926671
833193128
547058459
967530083
450020615
347842987
281689503
830775277
983204180
138028675
818837711
753804263
677258829
676169651
477861331
723477447
426173542
920361467
340254946
879746032
257464371
444376040
508541782
575546170
588258382
797847190
801414389
650803661
105445110
988712057
969449962
20149014
680583722
398306495
264884214
997938002
241645752
509068916
399116243
873817189
579081065
310331997
318133028
361689568
991562966
685322077
244174554
627152849
287636517
35875405
881437414
949454637
240875163
696145435
591263523
188648874
486810375
680671691
489246687
816900036
210388536
674240153
488896591
643838818
521607478
549302374
651261986
785954303
944662360
265299875
364797625
309654887
971776401
279288124
555463155
648539042
392302409
9569989
388939932
510198007
266760099
745416719
253400181
284866414
817807632
317547135
451420989
289220631
815631030
46740072
371467427
755541745
779131262
343254862
659146861
382647976
788917553
167443593
203466379
772412017
220034106
502483622
979710086
813003060
730977597
20385251
819892727
636892267
818197601
528763658
634685417
69635319
464237506
927312770
154349376
452270901
22783230
320270511
167453134
764147415
796877312
977229085
600607877
357552096
431324593
559164051
885370959
891115461
48110254
114422626
835265075
700526317
657036884
478606730
267536410
837670887
149997160
387248463
215930515
868995037
524728938
826267586
310904436
713573377
283649559
193668487
621219120
429384848
79296245
51755520
646063978
16229257
710040577
912209016
634909414
633240108
739396167
86723501
11056649
252631917
554557423
982538534
770909869
486749067
249882534
310308911
439273285
690680730
251923775
366661921
623855542
280049392
209735961
801636877
572735615
383839244
956295265
490537952
823290844
442910863
982806040
450658195
397545656
351386050
324432581
895804159
243398934
544076183
449707104
495404708
945547048
300973330
802303164
719271719
389092235
551453361
786199458
245080507
885964660
86046167
723796451
165974525
165108856
926881806
104725240
568299051
922674399
62540901
815673965
71208949
697281739
734128260
156532096
153921718
409385751
450870062
798716889
764274813
195685310
531091567
238890773
212482318
228051762
241165539
919234419
290434299
964472967
855766053
408095631
752457951
266571789
598861063
563390170
993664705
887242527
638436433
100200882
895685036
463161273
247768686
451748310
590534831
492500176
251011526
599566057
180473094
894417772
685276512
18858719
537535680
352336180
459744819
27171164
855887326
23640822
868337928
40633086
671684630
910465464
468916210
800359836
737644359
959263046
556086486
307041274
283220829
934244768
695916597
819268038
954841759
172752902
219270142
521565269
426487154
284775574
806705094
523270720
820608586
332277429
691375775
779710323
331022456
840006415
344967029
566720666
841496003
975482828
197108823
427280309
238983259
307859740
150575601
717121197
329707755
560942542
329111244
902476574
248159909
666069965
93149127
998610004
990377613
860085823
964813417
773877436
544238566
199189621
158656140
358363797
624410168
251471902
861250846
599940657
431085174
863631329
877622230
171713302
856667098
990612825
370656868
766793194
268922534
984008826
319254607
840542751
76205473
392249946
140887790
571145469
895374852
258243321
788322380
355826752
397676725
133929559
88660441
99276778
366008469
650032761
637479570
996977475
86374285
800134441
743202754
79118062
110249491
830152815
572972007
626884866
321441997
947106046
819240811
272640216
375504111
814814696
360034082
917842020
737693366
252984004
221466178
980403312
666976300
386109718
766336671
528024470
904726379
478095549
106227749
32307637
465809414
44711105
339965482
314194500
399542470
792215877
516644425
910000852
640443115
989986395
79679855
318637796
1538168619
946249650
128752742
121704677
54913587
45585385
489204507
871604543
980307142
903431959
648034579
294246120
765509765
7874459
178147499
435265851
732295249
840868333
92352775
820606884
392626918
575538472
303017889
827820543
213924461
564103577
29786421
691760500
639303757
495165897
409639087
364087961
433093782
125254066
121086731
978061439
785510204
572181381
97378949
133299191
851319448
299297000
688923239
1058191694
132018443
404669535
783417278
738706477
971862941
955743596
168559087
264702383
926515092
681281255
862997614
1672968181
501320143
489382276
731443376
648184507
754607181
74064258
716928289
722637234
588492999
904736355
815210078
352977730
250725533
860576505
930183879
928976265
396558509
711931582
566294660
396378943
455957409
274959604
479498417
971481696
656696094
724430569
363337090
304752526
65063784
965258332
233017134
471756480
287362812
732707940
95457964
494895878
535808531
969765296
175408026
20525878
932765411
475426473
758269340
740740061
354466341
753431599
98011486
693591488
568642032
958081955
902140035
511799233
879537607
60465696
476564461
977707524
276596621
20847932
851735658
577724607
18703790
959821274
805252211
685341603
990229751
908978560
876378467
420273721
612348021
921477017
121711727
919813828
573420906
94834300
222961278
933399317
414074706
900991251
705675628
59499170
642261232
93867307
680961882
589133923
481394526
949513124
645373616
371886539
808438234
121968502
59162545
947132703
562530168
655342825
96595531
948117251
696431552
656271773
334308285
682876775
99309003
618755827
184912265
964342115
804989874
108850894
138401582
856863283
506275129
981224858
894260469
306626096
43595476
16823596
389946029
319878703
106933131
370697442
432094979
100584867
564237922
101838932
621551723
365719677
529068734
658438926
892068529
561795287
793093468
555441480
121568538
563970147
680493722
220583822
146443379
886893531
250462793
625048130
549394951
66217043
41445172
851748055
368613015
898428510
391697494
223935332
170152074
537559077
604315694
90516381
772580955
438971422
407265284
67775862
699649915
487101186
689036088
357853995
303932138
553170988
846329422
393449867
867181108
667998872
379860589
555923674
801202223
572702533
853846155
819485763
204107245
909062954
522453392
685649506
29294785
602570177
591982103
458322055
667093166
905333923
152969424
634398561
175757584
462803924
570302561
397202151
115586840
71497817
703193885
626980432
511423084
518902554
72726131
716381060
432779529
173964249
922038359
244795415
295778830
457133759
655116996
147134478
1438761510
912533688
885758203
648760803
55470996
987667780
960696556
534795977
149968760
26707572
174707876
256983800
790616264
485644072
61641829
345153466
250942929
820147645
268678723
373546613
301797784
291760533
593514536
798453962
534646925
960714369
322467351
636028824
801773412
857781442
940689987
205715505
629952660
386439277
185269369
929989121
544317687
347304510
196241251
371494730
254005360
507172046
8827988
62024820
350515591
577391093
112410430
252062454
980653369
143773464
972882638
150191875
201685312
773839576
642653108
702101645
455817455
334436968
388232875
454845872
69025934
726113664
309495351
506300155
34097956
215753446
596554170
22880238
437905037
371430733
40003057
885648853
157693430
58352354
179995513
652778756
10486701
354198276
951265684
579710824
310452797
600097888
323444310
941730403
746814955
546778968
709688194
665236452
83489494
423186166
1308395953
391374379
392584956
322313517
329629889
884039787
484304106
379797096
781601075
832068612
708367314
126530061
82784875
631489139
913563126
54960111
372805052
767409613
852761801
253323728
532518918
446848292
997955005
179816660
312504356
420873806
99637886
481610006
696986143
475020467
119390166
1272488563
203797619
419624196
717582070
88507322
739681663
464492101
202014208
630376408
668753850
722550847
866332320
764656538
307238854
105408259
145520072
445375161
23923576
338009286
405069726
486984993
1734973869
905967963
790070712
383441446
221144533
971938690
826872874
885327237
863843775
689489183
926022961
502540291
463698670
692933966
782578978
448409627
586957109
438481705
26286707
62657540
490236886
26572354
788738624
519075201
926679135
979207910
631987718
516170150
503642523
462989515
181216651
59901954
217022213
315030216
179711077
524234038
663565331
572115652
783946439
115447231
825878488
253534842
116506114
248736115
624321381
313885855
61191763
195851802
176438880
811340612
809418629
250268666
641461656
772180655
832369413
222151785
699781663
387546423
977615477
841973444
491533628
734618610
118900751
520731662
382052763
536268814
399938854
116386995
69958639
199732606
547944046
1445230196
990119035
185253322
529458285
281380526
656028623
497778474
928894467
934062864
560702298
842129357
826560479
442163239
892335056
195894902
158903126
40459598
211885322
1861525
156291497
191124397
317731949
171765825
93904116
443058517
602131917
378759215
654479904
590003136
251235913
277819049
947842417
61758800
231936024
424776056
104825483
497472006
903303170
48260037
192766935
767167283
868896929
176698287
309128392
972720750
151192804
929710212
259124436
672944029
599706369
272454700
157952702
146501684
331973290
1329027679
507439352
277177739
583527317
510844668
13675937
542862581
661164498
809621845
557458399
481067517
766240651
930605682
1469037276
416726440
443745451
11080511
555878676
962724652
440795179
585108469
899936355
570539719
346043869
981293948
19933416
350486900
985993933
492904493
448857847
965650338
412175511
329800859
92272135
89829846
386857820
816510688
859533141
1881923685
870452465
602934566
1988594015
801098238
660408178
59325946
382944208
952034870
177764298
374456170
22864671
571533859
550130175
825055532
877766768
843944440
685856744
866978653
637953884
419063248
415257226
464302406
515059187
301952490
525770132
828527493
205309584
278581530
942694607
215861929
1970223820
521504369
693259879
92052969
913508966
744340083
232333963
366855240
497651224
581960840
392194088
147371116
455107213
449460007
767210946
346364094
699497224
632559948
454340286
221849800
960640521
556377642
276932246
797595792
534199720
689359337
133554591
536202541
655313382
876058391
619841012
177045658
52562756
437592794
545877026
852134113
140297770
177185560
521778184
250337409
844751373
188596418
754060681
298414693
461908270
615907259
613146773
380959323
413637102
484186093
812488245
750472400
591836339
550490361
14102291
113019417
20047222
427159939
349693559
178243498
217028939
965681216
503703327
46173239
444837353
695900233
904274525
618443275
289678454
847732595
935907586
626681154
290687571
885153360
394081884
939497004
712132844
459341647
87773647
59636587
467483640
801807495
332560228
28623264
652386232
449866822
855892421
458633552
508470011
87289546
385514132
725089718
368378525
858833600
502835231
481124919
434410555
979181627
848731837
788165867
383135475
212879533
347047179
443934428
36904583
528582321
75650308
592597090
618713707
167333464
890131587
447774164
352912399
458715257
123514310
496187472
915453457
695775656
1908675882
74590390
249114901
77981330
514246652
905582475
162446907
857643142
904834597
19148380
493569418
615980010
503144435
271429537
279474381
742786118
813799904
520882795
69657924
978017058
30757405
239707958
809316242
767523575
246273418
198309450
731353172
785833826
865019430
147701781
47166630
709893076
390633657
557727096
295447146
935300361
454889527
306312146
172471210
424423463
1651966995
928510649
742396847
677571626
868945368
943254916
324465129
250280997
747573752
774873591
499965171
698909336
386230007
976315520
179577256
998035676
731553018
28677881
701424993
174057393
581401149
711760633
31648680
946479547
370976406
167710855
446940453
509470575
275823874
266507028
53615558
329013241
345314593
567926809
713192970
403530377
1724712896
464528968
312769046
689813901
488291581
1501135301
1801746
785870482
870490307
633369278
952103062
291467516
653058962
423849803
754531179
805707842
425271867
697878192
743096028
450690602
868187696
919035851
784769934
195741183
867275730
200126579
189409866
953211488
475323243
760998989
353882685
414058075
686095623
422136071
928033592
492727029
836901401
561179472
761829230
82059601
751546225
694111450
308065239
751205378
49014587
970288005
696788239
855822775
693374408
238732490
780522088
868160696
568912074
482500219
425375129
290190846
792434835
727780718
838809615
147406512
736810298
644255704
956953354
590838624
728554948
120390514
270868761
297625296
126661675
221478736
293573950
893398798
910614082
987409164
926284085
967872232
312070771
410214241
817225891
733033067
33040002
37314102
215441039
808365813
710318054
642691649
213162500
225298135
512708457
617776210
709951935
349461723
221927506
773593043
181554501
269529775
101399892
26827990
923087632
441510048
1669176328
330608039
779106316
622965366
243279868
507871121
945842798
550247551
562779388
942657055
802070571
97305553
643938703
257824465
457573428
427209344
873257630
241537072
750878561
731143740
440668656
533950694
833243417
744302866
228272401
613886784
760329340
623787499
485338536
626743859
393700114
528956047
329497765
629515323
622954528
576665269
207314999
901811739
757690612
908191286
307753141
57897955
686651625
208192323
59237892
467217684
295215965
758540112
398993887
672877530
923979602
895229792
373204523
696356662
31896431
774741324
787664235
512231646
585091683
326440062
215189589
795266337
669214140
971565329
985074999
508752827
861124691
558340668
625595586
875971467
21831899
957165934
355859763
695866412
396580839
986592207
969428813
857904103
485150157
702055465
305109931
253466696
330447082
80788649
569976069
793604265
464100316
667500633
137792810
723250028
282401027
621361121
640163063
914752741
737077699
542408925
693659423
725386807
1122925833
235663895
848252255
111069420
25635892
213441777
997717435
111027978
420259205
101482935
385886369
445195813
459988883
848855467
556334255
657012087
918248581
650412756
133042833
558904471
901094809
406660574
408490848
704456255
242084584
978042515
971046864
170862807
386684863
584431350
351679013
120289507
384498501
433764248
56245136
221372604
4967019
95529151
696598333
647945014
430712312
222157282
795688468
348719978
295437127
203309123
212168994
102521095
135026192
486656832
459444210
503418420
387315060
360618541
345937415
954096219
894941353
188717896
95390923
72165008
167757111
250393315
27077299
508613352
249083509
954443478
395626639
805238005
334814244
149598109
911137051
397434967
975720717
599917271
87683122
624956529
427637171
170617553
576869847
561364711
899626231
97051142
957916713
596683311
708418210
280125423
515919074
431709575
916928211
684527220
404997996
423095783
517322454
88672535
342287899
406912183
610248126
245934829
81892778
217169565
684553708
928152823
575194367
679069960
77240589
242367844
368209882
575352762
542855588
624921273
267297850
9059776
50924746
796141506
939979764
626858922
825897136
394101311
979452497
218071537
872442483
782745072
538907880
117915920
530796803
994612453
689959184
302779944
780046541
478855108
965222101
422870792
804506850
216876387
906966348
608663611
393305041
51534036
651830542
786035002
375106537
297905635
522479528
197202838
313946567
803655051
23535776
567778100
651198784
802150633
796074735
229553943
43551388
675318569
600799215
300215504
406808630
572945493
596871265
609805201
268784420
494341812
693606849
23093703
806800330
644694491
897596335
126908482
828848274
746759504
615148351
831492625
377511896
583737622
888549885
638395992
534887581
878735555
504375822
385633408
980247359
208016117
356727294
241685605
634170571
12743085
963430370
220542750
772678935
637448001
36302248
449061454
297358827
32268326
504119984
315975302
990895722
161593041
392710050
818099036
901644360
429186225
618098263
277824996
192870285
536732114
691162490
950291281
79506661
780806462
864267564
918971073
164631524
718663859
241396827
25445489
309740873
564278028
843053423
221559094
962457342
64227286
58251392
109036234
953389539
950913921
719239174
830526359
400880777
437998503
85102351
797434962
347126178
138395576
1883039212
671656325
355657987
419195964
505480157
437579294
555820856
541742339
75410215
629939360
50908166
431614383
455632731
857867990
552832085
613882812
248546250
45012144
739263866
216923096
183562673
29784208
325423632
238122955
28779273
510411338
101504107
969359799
254651075
106470478
980343854
660898126
279436074
684129669
596821480
37076456
770035735
1903153586
913969488
919972251
343953171
82371497
707204553
975642926
864849918
845275239
792293890
447549267
730152876
31391632
216896531
3333607
679540594
298501161
233868375
703003201
73865443
1732594456
21833337
198066550
319746982
691276102
943310164
320262597
152847942
322813022
357227381
463713327
546389420
541327548
696695945
351169767
825547242
840378459
268162833
366543506
645311381
847152696
172755607
878208305
836467610
486665576
671623881
200812454
858816538
504010750
707491239
993945928
941629009
691007849
620033604
587756233
761563973
276055279
80349191
873214584
747763431
429732635
823657065
657454697
783211285
888069997
969858190
860434913
208234821
17774090
586280147
261712521
250652739
844863489
799527681
929752067
559002083
482870235
230116854
249292425
544432837
463490989
28114122
714011074
75904230
105469562
340674965
882134616
970077743
619877582
568312145
746207462
40597719
680358962
31762807
189890435
932951195
829164992
474013513
343467105
551296960
198158898
240791586
907533940
836305925
28538739
463263014
4031554
600144523
985839353
574508785
746895685
764704641
156966358
704162284
612760109
432105557
160063340
846331843
277600822
559903452
852564491
124081203
738595005
275573875
904086842
220448382
837315127
465320237
153351212
283242690
39328911
328307328
95765023
932013619
12798625
401353112
268836950
292726850
220452962
27706147
990098774
305383036
673605244
395094246
394615921
670352236
153834335
74215525
860386760
879407503
951460754
168280844
558055262
772957948
893153021
951394891
876848075
150415080
729946395
988834749
587844104
624367122
528510194
656753722
74293861
984941181
575837052
865086528
520970426
745608536
45708779
297661894
345385842
829537288
631327441
871394277
923058842
535252024
414487048
453084035
940596271
22235177
798946516
874872332
1139211105
710130157
135018918
1830906247
442221282
860739535
673791016
273915634
388217087
892338104
920017491
387326685
801060155
105328829
284628660
76076313
823501908
166662374
744110472
543894781
100330112
86244470
917225328
608245308
111190947
974555478
138632875
914731602
743217192
952109981
637962542
461368454
714602120
843805058
545259742
155371830
864017310
438357876
659031549
256227040
936092899
598802473
592273385
190038960
610447012
58655206
538444765
399409078
447132429
951058435
343640032
347179285
614988380
817078409
851475517
228513753
528245685
473835648
173698939
235516761
792047135
739949657
779319636
844991138
945695545
270541675
680679346
645526815
807142602
55151237
121484139
504542598
243734005
297994041
983370654
176422498
809498479
587118
97243007
70874867
712943424
922880001
49909264
280335262
77308915
991055909
170585239
300859309
67504953
389427251
438685658
771100075
321181844
909167823
17490162
4465493
182184021
611459730
328240074
322278607
10956724
953986403
291711197
162761037
206001730
411517951
146883244
993785732
862923919
424149485
950365924
252337297
695252303
533642045
555378649
763843595
204535760
404639985
340672837
402442122
271617169
946691191
294411802
991075643
206535416
742463362
64786056
849073565
498261007
725642625
168876836
296055658
1336823423
465421061
121620494
404269695
855230462
877331421
608234416
703363668
87347433
768562152
198860407
713844980
821531220
778674824
678392259
132917948
37474950
901307618
54435182
768266349
619484038
397099370
852435137
843389019
713580528
578897486
590990400
831126475
260281533
909023014
17830455
485300192
534819124
408828853
434847636
694271515
260337222
512154432
427865013
773046111
238464655
298966325
252562053
150798646
795415866
852261202
679314272
5335954
783942418
11416863
808751982
450319968
941285704
794056045
646337602
539652989
68943906
140089224
839346758
463210421
147295704
614197310
344236875
445168061
915706055
241655113
816630001
182547998
216486592
563291660
9973607
323951049
469267807
216825961
261570410
759147167
455842888
623814191
486549481
312724229
92401172
956463804
87897088
532970282
731688205
72056180
315250699
556104846
319108704
607407788
942004110
924405640
942032985
519156747
1645433594
482172608
662168424
652406217
76146642
503234880
383382899
357248288
887867105
512142546
75813716
112823174
18643218
319925682
679246909
466602670
301014492
126824693
613032802
307917076
834157555
847864845
806215508
691744075
733231546
833968442
835195105
630998034
458670400
773956912
660322174
784197767
123366988
348640941
481121868
816839048
31588862
692798448
128411056
199020998
412092076
543803262
882201889
451395544
245192221
354306093
160818034
53744276
564495246
272782747
96605059
350780316
589348723
606129329
664891130
388760531
131890173
748715929
780825957
673096387
503557588
312577297
170372729
227404725
678255948
335918433
72295992
403429362
103581700
82627733
455471020
960958774
261534942
591533034
218220296
748206961
579631217
558794507
558726178
473625064
735983380
899800612
196305300
505689401
43288103
497494340
125544063
433539547
991294344
750234332
755021660
851102812
443135436
520867527
683408775
490976268
417903304
139342529
118654232
314268301
333067249
655719005
844250516
927805428
571260064
949231619
668749357
162611131
798806785
823270996
740869159
814186186
608618638
833065952
712974209
73479662
803978688
273443831
991830974
452461945
392474783
28237786
948999081
161042382
871590944
786394678
203916882
223825759
386919600
317116411
496373989
32671430
695932831
523919010
1425553772
304097039
233257435
465855729
302441207
800718988
232537695
291374555
127881739
647229956
870240708
933182340
98661013
668354864
958097325
235653136
253017192
909682725
725222798
194839157
541997953
307021227
41604536
94564363
956617054
109156698
63119508
779661190
321593832
3236439
546563813
602819767
776375396
190382939
189779334
163467069
663955729
539122285
558248149
144662673
545551505
272510754
727704945
426769598
492355026
891048106
698404920
366783609
880322884
163446673
110265698
301698494
824144183
689236595
68213851
371533281
486072853
765359480
305720716
906140705
720173298
631809416
585161452
606543516
599082953
19849049
498751939
950462976
794346295
250671344
477219191
822944323
506182461
54316581
414653124
139178703
859882052
353053461
980697304
19986416
945080480
133034571
991170927
825178564
213519807
748437754
450643017
516221628
922547986
747279761
893404876
722812687
729295613
451784971
574709435
638823160
518121641
455503262
622692013
9619048
869464682
221537304
648678236
158302228
975266431
257389791
187741541
665249626
299575992
287364991
56071092
253507602
176576331
873996771
959106950
338198593
708473500
98362427
745653818
916237881
130764360
696192607
581289114
160099023
992129695
729616843
731958586
949842795
555458710
76891431
495885695
442744366
304794802
169746193
243478912
527994316
7524584
420563537
351767348
945700258
838341803
24264943
132882198
713104573
901854965
503102985
369888153
338733639
435967247
850423518
300865658
161345496
253252052
419372323
423491540
697893262
21590419
464425996
255522363
711245556
530738248
475356513
932553345
624892243
175041870
163061314
963743988
185338119
724789414
934434485
569834618
829757740
224048555
646976979
570445593
938312245
258616251
131539684
883963890
924705193
955862499
146098564
840144675
954634098
10211983
306490275
214880128
860140009
490367600
298272301
249971901
483985505
358985016
521464106
690420908
471197063
1052042073
876431355
578085720
733656551
694821585
534254377
580869026
564789299
754401045
75955724
559846575
581221981
381328227
764233323
876191190
959974578
608405292
328234165
460749076
1960642728
172209334
160473161
41018846
42069302
930803676
36588635
742537006
519607863
371432350
720604099
649138160
943625711
349305020
333949871
431088147
325391367
843705324
419990742
737641480
824919145
290822527
512491529
614810697
111505547
648998392
681779526
658271182
995397272
159026284
236263098
264847224
904019002
285090380
187682694
760716385
396904225
155691763
115489472
703150149
807588560
549387683
460974519
1448509554
766584532
936862127
715981934
701811960
424824027
781722399
995687106
814424233
216321066
195381749
358023270
871155340
433224325
184786612
562834842
773501159
363974102
295531743
647394677
996293381
823879973
736052648
375848034
911558363
979423767
586500919
889317192
954892664
273853957
940368479
747431569
526827697
398454594
219091665
203251503
679525952
490652877
66508134
477210459
655187911
907344679
463723251
205870029
48586498
423545476
983541011
978517220
270027391
443738657
78054416
613765932
466431241
368998195
24103526
113365351
827528134
729253636
896493655
663253671
412032019
989748160
570658608
763096620
450120348
296080121
175701661
754444117
752219097
570966595
193756797
73838987
88738830
936527876
672462388
494086220
110024622
105553874
200379867
506517112
780764462
577693485
300967461
552726508
375751791
174584458
878909842
605629707
662730003
454078564
369458973
542078907
348556416
744542229
601987890
584334963
217547596
397564291
952497581
548825461
116033495
315468404
420330595
212781649
794784610
236704592
178616504
250314013
180584516
109269492
696490395
568179791
107826775
858586306
427690904
829281488
315364408
777199161
779832380
640709913
24163066
494698614
472882527
252089822
587371342
23995050
218591755
700572717
939444092
486356422
967548622
371192709
96607893
758272202
97591903
119953409
202700524
899171813
20187614
402383009
249006551
266712723
62256919
891213365
706729822
852804310
393804009
157158147
440783800
22436907
775638826
368048510
724826257
808802755
245159151
419033137
31099271
883167835
699951909
861653578
840540515
93763127
333138401
832703371
375863518
181535081
10154047
562308943
251527151
583368177
665193928
1439887346
973953491
780003245
99609764
411004869
324761202
130094996
174279539
1990372676
345704865
164844095
22911442
127474317
860965369
77548459
361281396
827219610
346263349
310499838
708010628
98950492
727242995
959129759
250594770
852758536
326695064
281596274
833133518
813514467
538969077
648488364
433188213
628385224
736891830
271412948
537138505
458016086
949767765
836500970
612558877
906470668
120751145
317233561
488560815
873189777
486328292
822970767
315872784
1561668190
597283952
315407171
214364179
575878667
72295673
580854895
382275347
659035411
682738855
100505364
646691071
357270451
926021144
618074470
469067026
524113178
752625754
847198932
903783331
613123479
465743343
37377981
272242085
822944987
915151871
344063156
727151922
625858551
300859262
366505259
158704327
722284873
852107319
841176488
435460504
139764459
852072584
682438885
417959419
235197803
906214178
931655130
336538518
7685506
135634747
220166285
548836214
223107707
822941542
756050190
663618487
265279960
1850738643
588901559
492539802
802747809
710660729
482133947
478243613
513076809
732784046
279624385
998725838
69975422
322517092
487478318
349306958
647779235
287892997
526095133
536750034
359032055
742922246
191367806
238480217
98214656
290467749
708170464
905070158
146570243
113519225
123378846
584585069
299552372
639926722
974252631
986406536
758539246
811770723
80814625
390213954
678760809
630003776
599927521
213857124
606012214
290940469
941284704
120622497
790709510
482328576
427362428
796536711
901338137
53106832
463729194
502975595
787533791
768620971
972461016
270249531
995725685
522121855
265188450
245030255
433484247
256879631
747826672
449962333
464233369
357113508
530931817
433663306
481058085
344756899
347973970
315716849
681540023
50329262
481028647
669888857
789748414
1076665642
474892001
891246723
660987428
86904955
408949000
736536979
815227102
697473399
597108470
37790570
84819996
129809992
163738556
67095855
358824054
186119044
959056656
353080648
728379485
314460094
495762261
470882299
815805081
283791060
571591848
62294513
59531420
21529289
517998698
242841644
929690112
960642693
814276614
54508006
286294480
881959048
567221241
867523556
941315292
346114278
412233136
467320124
524158585
306673950
793569880
27299636
186261106
640259246
496881079
197997634
670059299
791421652
945044645
68614153
355376849
449248041
491225598
751854023
692258556
988078603
3000044
608560189
440315772
549935140
444448970
239476988
504832994
225832034
755879854
131993354
291254108
957018883
730661166
582403780
222349711
694986065
156029176
85929144
956444543
279327233
572869573
660151109
297867188
257997360
13218570
174691332
515711135
633606908
231265236
163346890
446822192
172349251
1110083506
552990842
213107868
857902306
547621242
995691371
147041902
201722721
824439400
222130239
405306760
479661651
701285475
139584762
82015690
877244536
316159325
288398524
811817515
74814770
790815374
235947346
30975344
423717720
348426921
799686726
448527585
267859987
380546858
278386464
520608087
630794892
367029516
246478984
248923633
271175205
319445655
290942457
502371661
172555936
894234604
37359928
276846561
598387257
938563943
974170181
66620928
261357504
18621472
384631216
128320572
884889998
539083790
510979999
1748993426
336296343
668213269
95717237
135397609
730274564
942034975
908252282
40363845
431003954
970940822
797573483
94635629
375153786
429444469
986071288
85225039
991581858
465690104
946118942
447943304
114702275
969878447
21771170
879294675
901550908
103091008
327196464
172051030
511003494
147429755
832195376
911284916
239265844
605812064
660420411
446060216
380135568
609073421
970763456
395321597
467649844
504113674
167407481
172051594
933681473
731930230
586720139
530977490
925843188
195232338
397629744
476248372
931090545
939987757
489488802
151648468
1548343372
1025935217
789021063
253824950
108349729
458718892
1659122129
738369475
589752864
447225924
636933811
728029732
522320364
937597604
532865560
222072411
893792390
544111948
31108780
81845423
893317053
412839654
818546815
279275379
614370945
112686903
864781654
486117638
116832400
38149208
661722247
25628927
541427061
380629461
414462973
875984779
978721661
913911578
665539730
890785310
204680941
94488337
409786359
678435742
936797474
881173910
181303215
817854262
334429328
333241665
908954811
137416237
159977435
854834165
741377719
428397099
428250326
569541403
49237385
185765815
346465821
275551789
170509758
613065244
932353843
607582575
852834669
328466122
566895146
81855129
871701907
903424932
624051537
855482612
210320089
511772060
378882130
655297580
805013798
973634613
453149670
672589325
812530045
722774148
831874235
554280714
17632790
766971525
54207606
685872489
275399727
220932126
84932073
239758257
934526146
163297070
358629390
563339310
768040576
480923721
441310624
695101947
830541208
571141811
668048252
150656862
423122074
571601428
620265291
122459619
848387602
548070293
433557967
204278243
131368238
964943087
453749373
946910361
872490547
290025964
379116073
940453370
959651047
374982044
564503841
970386610
652727280
860092342
972704844
793010495
1527235340
680679265
216587204
369645642
904059353
269715872
703465317
124859543
589145984
957837235
520170616
142627693
993991965
677293169
801379664
775752825
774750505
222667844
264993236
292571707
396623350
496553042
667777709
141063876
167773302
732287835
237906524
961828353
846985017
94846108
695172691
650143505
601615832
25723123
343844156
21467374
574821238
988998134
917561228
697088469
952299219
41141079
1283692
375903079
336333067
548284869
284510131
915247622
853098617
816132554
304165959
199151539
377978462
27485208
57707124
211844930
349261844
546928767
36766366
445730096
441957937
461875562
433414266
999891134
451205379
923654465
878631187
1914304946
314773327
71536582
847485988
324748712
564650461
494841097
970158953
697685908
34312544
988381906
415443626
177127349
360090205
104042604
458748903
826943127
167940544
595016108
275172049
345327270
511531061
327259831
534615590
42581666
624012593
303819977
465699678
211266328
76380815
855290160
515703001
850115166
917217764
364612216
434402063
609690620
1756462918
129973939
37937828
242617894
984221979
9777248
414640229
351736319
287729861
613056387
40711583
772269145
746019070
796531558
912648740
965625895
4932570
159644877
622332678
52253451
927699921
164687406
45755567
641636894
609569998
702284858
308356932
541273720
9777122
995418812
746120803
915599210
836912704
441191577
503037255
97833565
264689176
208647004
919064119
408742261
453735391
72044878
944789468
989012881
569793292
784056944
872149165
279764078
164766624
541256119
120274523
1585355915
59132248
8985349
44699868
234654160
979059032
485874669
429794146
465684482
143888065
15193657
799690913
889805830
19469487
334649238
558983192
61203343
620384272
221154413
234079867
266826392
957652738
24262717
471098218
526609570
336812770
682269017
754235615
113336842
561558750
527933605
758257010
710977845
122655364
837733011
444920018
359157330
961000700
282751111
658923063
542959996
869343662
908662479
311148185
574865292
119011419
805317903
525413936
519696786
338057475
100533090
109409065
220387756
531388042
51419050
572607684
101104674
586443857
598524459
709188895
150352122
577130706
334380232
335452462
457843816
209522934
129575661
710052277
633731525
137280823
537673143
225487377
299543871
979759465
10741077
448970842
589491230
80518673
716858668
964741022
843509763
494362104
744951159
254831869
1508347171
577981532
529405630
187826786
355306326
434126515
308581269
549379219
503951302
156479722
957501539
543259840
113075465
346234528
81558702
752266035
95455180
517673492
714522756
181565045
283840420
59907066
287365461
958882331
286428325
405104118
986136444
437478577
797345560
402176346
56367592
938387063
520645531
258580774
465179400
656947279
309893954
971786039
257132768
128925331
432038670
594092625
181993914
180310139
184537181
67603476
731003144
976221787
356190986
52905616
696291601
89413463
800733188
15111582
551783725
326520453
262163236
120555789
539167147
398090537
977587995
147822962
713764277
347085461
404013733
744155511
993581655
953412920
257675565
938467041
156415209
989389767
895287660
494826442
24664615
860606693
86075188
36738394
855289470
227772914
738303990
709013730
375769117
782186231
237351772
563483168
888156338
451120029
977308228
293451545
306099246
947773362
516114600
693534347
546184531
77070515
865381112
932700987
792914798
367822902
904518397
275466340
300127977
455735607
681068048
422064844
60312515
257712751
537134166
747606972
446846681
316428205
989283080
474869034
647547854
923087783
166383338
355209646
390013792
979977369
849910505
297498227
132279723
580596594
987259859
502720241
204031647
208133849
99829253
271803823
902958770
386473696
86363393
406020123
264950535
465261983
31528080
394343128
52720110
55373507
791255460
688925422
34473814
681953014
243872935
532515575
541419584
414068821
556234769
146102768
712955270
947048796
809832450
964517398
985801793
448596132
265580917
202097053
612486282
20054317
551381643
996247450
562689658
373281700
868917565
299125094
732842557
611897445
926333374
980260389
494107975
879169829
957575369
852705908
369409100
863062291
677999299
637828110
923941400
821448017
122431672
631184517
610736763
898821029
622658013
335676118
381168515
49548287
951848702
610457707
811354642
119879337
9177185
95467862
822224467
46659836
537668484
138309273
782374220
369415470
11233533
519979796
369949784
819361543
889649944
289684803
510447268
892104156
575642829
794283975
184187577
616202507
959774388
249013826
872656742
380191624
314917529
841813116
15403274
97980559
924469801
619562391
534333605
905611252
843143737
228170323
420411060
413454027
75039909
442594632
941557838
247545678
140538746
540479123
202776656
264506341
442390748
126648057
935521592
102339567
958742149
361607605
357413816
141273891
462953075
380150926
658690947
177768092
903287354
166502472
377164913
415317910
452851247
273207472
940730916
583275245
154144500
807434699
849486354
879137490
869983728
623894501
87389426
925785903
707017548
691309650
191709965
111483631
140428216
622571493
562359061
14560871
897485414
854867853
866277443
642969393
557533558
105035059
642430555
20117923
306264168
786321176
591294084
792535373
488641989
322268311
965093710
459719150
717713599
891162852
811642585
870230606
147500681
496409071
555766635
701232448
480325545
80323941
140214840
355814253
282283427
277877734
365179393
98309594
182667509
127126187
699768226
640755512
863432061
67840787
276821389
234630805
53002878
772481964
229824565
799644529
876903659
834466260
131643449
317864774
49826185
746680884
708812070
588740353
198037891
730202101
70204876
20043880
842853407
102344397
599971588
577705437
152367590
733724620
374964964
830319696
790523464
750481717
686984056
133992503
561739692
771245504
482070973
811297204
405358213
448765502
94704883
786146225
850772707
314460544
141503886
234083998
707722899
494742792
766970715
624740650
855866070
184372991
294241799
804354730
457105352
29148492
78757398
252306357
292475650
243864749
421550808
123863573
593480335
364965891
451697064
762046057
117157438
429121001
481995440
599310222
906561864
231560964
869218737
998457993
624090268
817698428
978668974
964449665
679384337
122824552
421437447
704869341
203033791
109707805
71099540
767004289
978104455
592593051
14537266
249507681
469956297
908687564
704712648
736938525
737689650
328626714
167135570
489483899
401891173
93542584
953918427
446096067
240417972
594849929
671441990
324663755
239519974
205893089
72690579
445834951
738214142
693075575
325952728
714052460
734094081
242620421
18907020
760766384
294840081
870624016
138101384
583247338
494143989
508898640
118401329
100519000
385719507
678751855
436848010
860721295
740507989
858792204
569325758
544846522
187373921
143333012
530917547
448610896
564001050
580613824
82297247
92644475
385388080
361544516
290788237
949756657
871388477
653831242
242777856
468076168
363207207
70470026
18239955
661883422
16758776
15848855
23166990
641764561
654877882
537210806
275441182
807654133
544949111
182613881
867289368
199002063
791181563
423875599
348357209
124335727
557935870
912209086
130533918
653091838
342991924
57545806
503387362
418931606
703537551
294845690
574580466
414110371
585837020
252824700
848000574
663790541
390842427
9786571
604217178
933841036
792555140
725483633
935173840
118063450
366313908
368947775
79894469
670856993
577344391
923209520
144621554
664139244
606759522
702401618
21320579
710502293
595369581
278733090
492409641
557705833
969637206
212992729
192528353
267320760
270622438
983566194
573864929
260759809
306968172
155065256
651138657
374917622
513601562
139012167
395065638
951095828
402478415
932957355
227843288
755914410
424718951
979710480
286798154
377638517
372269328
460383520
866114790
675318841
804412413
445181969
338878105
376444454
664174751
879893492
490253429
729297330
62494549
808776342
693421376
901966379
309985289
594011004
591879344
840487806
300061457
522695918
798099944
339820599
999258918
677551409
172749173
560330345
262942996
27588856
951912524
127253922
569421457
416151527
623504313
616971158
519326753
523588853
424070156
416866806
386875435
784572700
893527539
51904962
970769986
505672990
310698286
461022594
661002450
389934966
212445609
452156242
98190043
249279004
794318843
485773563
650311175
579691675
346430551
993345074
954517509
451068671
725555862
663686369
663138451
445017324
286750941
761431895
633218532
578415011
592147673
769981330
917332042
852342433
65265878
398668967
752133149
174366736
899362040
898652292
454586011
282449433
120340895
977665289
575386955
829352257
75377494
270941748
904138182
986409251
128327445
573475446
373330088
877204130
510172932
851162320
980799621
117732911
969228092
248797742
244440519
342256868
293868771
155103871
97821761
744578136
302424928
80354892
314331937
678581341
661644754
87921380
505870658
550166053
902713498
513666775
698213896
387976002
808632932
466129308
27043908
161126128
488804990
863088210
139154767
483231374
882168748
743059717
807416298
713246238
490247897
809810309
584791826
918501270
311154349
898644960
172987570
273541128
568981156
717380962
620136408
728676551
670393892
436961744
864464260
966022324
1921433415
423869726
905684751
202919332
355059589
138228229
648977556
694367757
17536972
74765887
238019319
853665593
134616035
7975851
7269799
725541937
629748243
402489674
608219306
864873025
14026723
169378339
120096976
560840020
682832381
533627374
261764764
853873774
514304300
313484182
812307661
310294196
991606882
942158683
777146908
974351510
125509116
534961977
639678988
595704327
599394195
577318626
237007205
605280761
501932949
297529283
277364099
43611868
812718903
877593892
682333380
575198251
453444829
930917886
380495700
92639656
31997509
728687919
716297828
466480435
789415196
128685668
747859041
557060237
598045004
550142511
909603382
318711974
346292267
141902121
504530034
996263528
222888617
420907593
349743300
544719327
612867792
751753461
99442470
434003753
920282317
364546608
659703804
94042157
918608391
783412392
683155683
79131402
374537224
492366161
891201048
335418628
547716169
511256052
918239362
245449928
958014367
479663970
751754110
242525470
130078524
672905677
381184611
976074110
130787946
189322263
386810510
919134119
431780463
245398583
649416926
596330510
540335512
16387611
520150171
205239968
996634888
946559919
283956377
33440409
583295565
732917999
129151676
252389824
408287289
925178833
632272711
880667566
892418437
329532221
734158466
268272003
230472906
239765241
972659162
839879126
864257752
68680690
167458410
90800904
700620951
245883397
909748327
915500791
923258725
799348705
453298014
853273996
731487394
863691931
293836156
856854826
623531323
730456879
916037158
56106593
158254458
925837147
15239817
533936615
725410407
25204506
229708767
878393259
690914771
403851825
66297162
354653133
846606455
547618480
249175475
192066688
529687042
757812331
601535845
785977948
583938006
809326225
452149905
284069130
213873016
971494994
189100260
880681585
154241873
884985716
46002363
62232298
544357323
592388381
904079861
572351091
930912594
318301374
611929103
888467633
989445569
13349006
521406945
879886631
420317292
962215684
909089631
487322977
965465432
162182860
161245255
545838943
349621831
145587037
43326136
149582605
814041895
27878123
359736697
770347789
283302554
576551893
180158309
473617171
12988673
391187106
190895023
31546327
976131906
552270574
852976842
568936051
816984292
493608348
48421329
56891760
326626877
806991463
223394193
741310700
286054830
762249525
980199776
761434583
910951146
745601474
221722315
734559148
110616857
519900799
608706905
265118740
663153322
662452347
127134541
861998910
206781596
75369589
628223729
319157363
299308295
837798282
650947385
181183478
874633135
332572774
388107436
292353046
504671688
803684307
771421365
139466322
17838254
902537585
479861509
824463201
680852830
891520512
333515190
632924305
632538554
70384648
693629445
100168200
270762442
718208894
693280772
493563542
537088898
849704391
922041087
267742594
397159647
128992448
507763025
902942659
130322404
917494896
423913177
390076069
282524175
466797676
350450787
738544804
871097343
237382026
639624741
83405290
502917900
313617541
6351334
931214419
902050216
294940156
248705190
125568603
180447846
738610113
985866765
200560390
33308725
962310139
790489537
152540139
472147799
963220629
446335522
942480648
737877355
485634123
262597474
482117228
308199719
28521982
649419829
411722891
169988250
428282260
193493678
926384581
730071369
825740074
991859572
680641860
356098975
256159843
59258586
639410489
848917037
93320589
778398471
638167006
589618727
782363415
154200201
600164220
514571295
910664566
431863957
55002277
777883493
675745618
589336043
247361465
232719706
52961497
674744535
214936095
712892215
814578681
702787288
169598563
705251707
999104694
680403433
766283154
665856750
876826091
92251034
616530846
711448692
581802464
113382220
197398452
826844857
307259491
444758156
347530152
218119117
624102977
190395507
42353401
143303600
52849142
273165751
893793958
78397065
311427979
838154255
580768862
103263862
15442264
192988868
15138371
547395057
217344156
167790546
379874654
711540407
205531884
489963653
934902672
397106053
1994128364
1655908626
813816943
503141721
299003245
100025498
687180031
943078692
654059953
798386012
602784760
651402047
905137963
902207938
678721237
42682816
965021368
943513758
743376466
887654221
399041151
223723804
628662565
89238630
1655608894
943350374
293464297
519039244
380488695
672449847
781241172
905610478
612779008
20070023
358772445
925574858
841224566
985182713
62067260
347469305
718108818
850731276
582256464
339777473
224248070
112623389
590477926
406853247
515420192
209276862
60724947
860166291
777267876
946397424
19318593
83897003
208990819
155230607
914776144
59642666
458323621
613543409
252608828
211574760
529382000
69559143
541382447
733206099
104699189
397845086
127915499
602847694
131650875
847488632
131442281
516926663
332482767
558936309
123236495
117026908
628346941
305627478
737550272
609407946
620191599
283682646
68599218
266238411
674230358
716197497
208506407
89674078
762079076
638342213
3287208
411061504
608312447
55888019
51056783
383940720
905857241
715594824
14757254
573602285
489970666
25662874
332371034
341335279
470288299
624315859
115337733
336818746
59864024
575935752
232505513
396423910
960230734
570129510
799747451
920560247
575644995
147746899
414314269
282769969
473988800
750441644
821440607
332383087
360517947
666040125
347075060
331174484
298093523
924903182
28203709
316315942
245019461
35775949
767506739
57837184
422209934
705613471
576384486
448820546
529395146
246838802
520538387
948498580
899724155
264189003
875690557
44291743
206765088
574515522
244958944
327544190
278106953
272306726
106761266
159399928
796812331
609257626
306817641
968781147
749726976
642652061
318931979
856754395
632593872
804499210
688657957
635656096
898338370
748809886
426460512
505698619
173587805
640908683
841321908
814658694
443406174
166119460
815477155
296319414
163965196
758541378
185183404
969697922
719810983
358793393
510000346
977814091
469555246
401358891
486770523
7442741
800251379
400715264
344002097
634641646
354095711
359655939
22291467
637434467
475627232
643138416
650617156
843278620
88727976
467033054
644350249
282104099
295772462
627406314
623525993
563325572
51992431
632476220
503657654
2594252
934910138
32280798
465086619
48604125
439255646
214717551
800767844
14953036
543332309
869856858
769953634
354517262
623012424
15623484
783904021
89006539
160095061
825963692
387723306
46433614
817745063
5969741
68318803
692685456
371607352
225889692
301855182
671852961
129126992
962037956
866589210
351569387
449167629
266917547
813603147
878722436
33125719
605174157
466900034
150166984
376513988
201367208
264863153
732470149
500964878
186351536
198607797
754022219
149017715
626527865
361276465
1531546130
116723351
219199254
119868387
713083195
677317683
419120247
133716107
624403050
778448130
190137458
763162511
84665808
48888231
27265032
49392281
994531724
106288725
537990951
458166197
600985589
632486495
198329929
110708877
405709857
629074683
290980761
30695312
461791266
421951090
97759743
823520537
242565268
481283399
500247283
380210492
438377927
48308492
825832845
333210873
130647488
614343910
673954132
541477748
173913520
165373449
361666842
176663659
797175471
884422468
496507236
686954908
281721213
254320915
255286100
192621882
850788698
821085916
258328948
689211449
458522790
238072023
307103808
960482539
824515621
105660927
545316196
101040387
465031808
442932486
884470089
341432699
607342969
891613977
504101126
157594606
959850247
150681146
116159580
646112975
127935487
664081897
454839825
281550099
344716831
830004305
389082573
372231400
383699837
431303796
719721474
891860456
76783934
710480298
251635149
1959065737
664448176
461800275
704655137
796875198
557178626
200919968
794540070
823980603
109225832
754966828
868459313
140224385
541191383
718328449
207355383
283896804
611133376
223421400
170896342
833812841
137861767
642932480
39654345
686494262
634697145
871665328
739671659
85082560
740073590
433363422
889271081
172139611
726135190
988303239
512699561
826530085
16476934
812607951
457630130
348915402
260132895
968721167
53809661
314021638
897104421
242250206
297625000
467150345
328762452
925619711
376996605
187729814
944629281
650070361
576627988
679853461
357987177
222538403
15098796
596628248
471983690
633899492
484634002
682671349
82002519
314738810
240047756
317795420
837243133
249419149
309219963
984188724
283037763
935469509
978485974
936086777
631027330
268209263
871039904
700680658
816662557
32164455
398289338
40288218
993957225
29885644
605247798
52792297
170067466
815556859
7902125
238249509
873274518
974016396
46063362
463519867
267330563
620330984
15360202
621128184
606223460
89999321
265545048
101164446
965817545
719660897
416651148
435057875
413488716
783485743
511814922
844258863
66091954
793638234
362527315
383036877
130422026
611843356
84247642
26663267
864280844
963305041
264364149
945276615
209585561
295770224
366189190
350763793
13450309
155826508
404047756
684391633
239647729
417413865
315929873
658086880
86398758
937323647
188797646
818656098
712814521
840384237
395690819
748361048
34968080
507633079
760120952
925876336
993892575
90570185
898882630
564695817
258144733
21104197
798886149
824723787
276003769
733862403
425740220
831111001
923077456
762131312
568247366
741634149
388025927
648729507
359273863
277212102
656807898
245741318
614845110
737705848
230916707
258978523
797600049
430296573
422905182
28151855
716051394
870190121
788493172
964948838
839585521
585593891
454208671
349543494
411850665
921099353
279253074
927922436
85024741
645056692
734886709
623420613
1516359365
74735730
463406598
821208899
679861686
11731655
27824873
608043085
585538696
917464399
138364072
841225622
884853393
268494080
752163994
903960426
682864388
26006799
424218796
3056015
275024722
540217089
506909333
169059003
405707282
437802538
348867729
575099979
115596188
292638037
125563475
212013203
659339890
885878588
361590571
346563463
262300072
602818947
85979736
13260508
985099024
611347476
942847262
271323968
653136396
857576904
942679395
798591080
130443824
481153438
269307413
189532912
758179203
367425925
918201644
383496044
527391174
199113312
564145589
102914435
136165365
910203246
143179825
167887579
953499141
314490773
171530737
831961948
489139737
792424536
671063433
328334250
233453287
580897216
499097849
924236515
316841912
725812380
352259101
453795363
778518474
60656050
495122775
992703805
653969317
585074810
241065117
464431968
718974731
723258235
853071155
625964688
356499843
533791294
372742002
743715313
588986847
478944827
181014415
48311373
304730940
480696259
8927966
23629173
322810182
800410789
228908766
550853656
641328825
301501796
1567278392
325128898
730779858
267421523
156091272
970780538
510559741
405354508
152426429
604180010
564522929
316528878
583938768
295161744
396088248
925636899
236313461
874177188
718669724
101227247
518020238
598956206
1984365395
692091697
125424868
52759049
613782442
361460558
449729433
445495986
278154270
922694675
35058582
386098159
722103615
341777425
690632017
957934895
290642684
383550227
395541967
651803410
786555344
247989588
888310797
494074815
696053931
874011651
680616669
740837811
174354404
642559423
515025539
502503749
296360599
104326494
418239207
269528582
511763249
975093475
263054534
703524914
609027532
233628724
738155553
211011359
936084914
56401235
270181631
578307293
902206507
835556625
706662700
918360138
941423287
47981858
153571303
46645845
971915491
395832900
859314809
12788823
496623167
892622366
850928356
525473187
984015362
256465010
449899975
139154509
939416405
234924677
454076908
108646997
104694893
328875359
185965960
126733979
500369782
690276598
51145069
482512042
186579039
64834644
16405790
64377486
999411183
889205655
192335930
899319846
658581415
152488387
833794259
38806827
94300274
329564023
464954836
645878396
140635632
346077106
739275900
176267212
307505751
349953527
279418618
474591998
918918966
563314296
273897478
129310073
964152400
126078585
39585369
61126871
962186040
254554891
282574362
344215337
595233533
789632188
152780278
125037178
428359579
448296831
194951155
953979759
120516550
713861473
324382736
289468493
813993117
972388612
784019189
140178477
700296187
623851298
201579489
926362607
672925298
391002494
75535801
793184517
311074829
674713187
31373765
665398591
227423222
99128863
983917416
119683507
167955701
900029989
614755114
40370773
885700174
32575829
747138616
402049921
63346198
754819032
166361098
100398356
200150618
925184946
519289065
827511548
316112101
886728621
43246214
540533740
484844084
784153493
157883273
413481680
534669162
610720072
429425248
67517395
942564463
36560717
535653260
197483410
877010818
457332536
334170803
595567192
104851197
233818910
700058642
183809943
997785886
591434756
738191233
435067624
979372802
998302073
625731434
173623944
32167847
58537036
606816472
521172392
819512329
496751986
290339559
297962919
972842680
995378524
901372060
944242757
949397991
106558299
486016174
581352315
590379248
10589814
304783872
286983819
360006224
868032137
455661069
321754958
239886422
105157471
275615434
459504137
200152090
392356247
913392513
279302398
1792917330
597733766
933290338
774505109
269912008
756678465
97707072
341521811
267673322
853496939
214077882
501698674
511374639
269190597
966347837
558837794
662627000
328425973
633345683
658638495
273821279
355773858
229581209
26749621
913238765
525521053
90985225
589430160
112725001
479353131
672573023
112857013
486922377
372408893
614200738
232212308
250063972
96301656
56874227
748189668
547595883
937186097
176720959
115682832
480239565
237149795
160119833
545909088
13328338
723570170
635608603
182810376
874742064
412895353
782226966
562722946
582518038
597144452
302475676
653786215
727860185
301535270
513387246
675005836
524935470
490438167
319067843
329657893
485685435
437780090
765149004
482937203
1469240099
518440699
594497480
786548630
640075082
744266665
480287318
831205726
14073355
800865329
755060012
127500688
491350052
572379655
951288310
734231897
596558136
226720175
2153406
127157293
388637225
97114719
711137614
669967239
937158853
651548794
442505043
60991632
423666277
163723636
621772399
906505195
826975426
199105773
749384780
853935976
663826909
807616184
2256016
750547497
468704692
868792168
598241176
985355873
554772135
412396324
888083285
918242994
910005417
291394054
161873812
633285134
7042282
579730964
113738968
648687502
450271079
42040114
586339153
809169942
447477154
307381087
776656940
688359208
877414092
338613900
561342227
62301259
766387869
910636831
32863931
853107483
580249494
465859292
919516560
825459600
136220897
550868910
206230486
45036134
443701469
504357919
474273886
51699425
410385229
731026666
670241455
104298012
278800731
818541959
672733927
288384494
197484008
803262300
826580045
8350369
433269749
246576362
919409914
423480735
921514629
469916905
253682376
964662577
130785638
686118368
168439815
499739908
313968473
1361149192
679565619
503652763
123237157
240792252
203214558
401680844
916472329
730581288
749937164
356457378
939074825
861996775
524122943
315860204
780070992
973254346
524242324
539512852
851495536
79882500
222026721
952361814
110455218
699851279
651949543
63611625
360079512
99914649
942636302
477758735
639907285
652044734
284327188
955642083
298936282
813819253
943860921
54436470
381113265
249628105
176795657
948254980
339679732
986193254
51565370
360753101
164479587
200532743
357487477
697418005
356558691
665722463
7192078
151668477
513950521
862990400
716700617
668597653
869500131
91347264
668120527
560650823
936536865
170623739
913564040
30462820
163620486
67605778
12063867
582824612
64707103
13477534
501396401
383773959
167964543
986540762
10644311
193250004
292744407
13531465
181942211
746034183
817360819
569082516
420223501
632657237
903845876
662689711
387515473
724070002
139517863
535309990
827221703
187350883
178614241
890847665
42605440
901766847
609992123
904037926
491222567
693120948
356803757
975339289
694740744
567171252
252039246
466707187
538072733
107179968
177337852
116124760
78367104
350210126
42631076
271802543
84672406
564034113
163824954
208515107
29195402
369913288
736365327
887017581
1887231259
754847484
320382820
467965941
815577010
288877232
489574924
761347285
304108766
744641497
490499242
299859735
694603821
801859729
218203147
432854118
163843595
625128857
261382060
450735995
725990592
878548572
240902590
567024931
274390353
642867904
361213651
94813506
288162514
326024362
474985612
453576963
673428579
394988290
689648313
552605297
525538567
842343268
240631800
687408622
100061124
238211885
198733361
344484
581091699
520860892
220189819
917581106
793818577
209926905
337541933
527732216
334020904
38944170
114577554
450401760
839016660
128386389
573049833
963471961
44707849
910214772
680187523
718884265
420060720
732913836
333386611
747609782
982513357
652131836
699129294
200336188
897384442
1885446896
903156601
345963398
1643462435
735758917
1407043409
433211742
203464388
280580169
963071440
902826416
970969748
137343181
26304813
77529179
756833024
996355795
737473792
641283993
268201335
58723964
819092403
415379691
14472507
392620132
341300611
393623990
234632337
956826521
101709709
720471943
66800070
278150737
870294369
946107214
580893042
417195725
843768883
710273756
668046831
313405799
537274916
687497178
769926575
940665337
304046503
292119273
925467827
931050550
711925299
627414857
873969176
428274853
746964111
746661723
338431612
632261915
365740898
323851205
738317567
130420632
236752684
246401596
988281230
797158142
596128016
863956782
561537220
916654263
904826347
663980724
196284673
797357080
241424161
838515823
117790614
830332497
891066382
545249732
712136801
676149547
497228314
880507521
108866021
162270224
782052839
567224747
917485555
342526933
378041961
519930473
308642605
600945080
491318068
12379738
114529851
66060750
38504393
826907500
680909609
105457591
786383398
1186768253
350743756
95672500
162596909
983620046
85886190
132653833
278156366
817026781
776851322
927091180
56234281
15505249
411122391
797474985
175506518
906565147
400586997
107966311
5171719
864111501
558508720
693141513
430356193
706983183
594639531
427606527
224300843
381391711
472229955
904440074
432973135
717162108
940152042
879623370
882835003
12742784
946520509
1252444425
164701909
30055916
792383847
41245360
479245085
251783941
594235312
497024686
149110253
636223652
740352523
930418156
177625491
454824179
969903289
835858527
894800546
670969350
227566651
499760934
621515126
704646054
789816058
197148218
336799711
214546169
345073534
31131633
599654199
697924159
347018970
537387882
429899209
728543309
637988658
32254815
558943861
252602529
121045144
468123730
123553320
154025901
548006897
843113232
896077393
37917101
203669265
590011336
762959667
877203085
486114950
890952563
109785156
291479844
861122292
452037509
611360416
383214597
955150022
242868248
941088920
752170785
724808441
192289310
14916535
701932461
516507595
832228147
80875572
10222481
1632957025
49404509
848324145
59457107
400171201
805680080
1015566765
551463920
411996
830913612
235834560
308620893
17740789
9982222
80952024
990647694
481171118
54177163
717301493
106794747
873735669
109375113
273869713
428468996
656678222
703758763
240941636
121754549
209145625
776423951
74059725
814971866
158593679
548155643
216981022
174270006
631741683
455399071
1057274794
593989140
412405472
904471049
413607441
991005582
42700659
109543725
371984330
415397580
458469902
690340627
966285555
565720534
209426439
421631379
647736776
989388126
697492823
1888103008
883113745
483527636
364414470
354467300
151786915
233585539
563696673
707018852
856625349
159068892
941268522
414610783
272645447
203739854
60700254
134419770
661403947
675307424
972489115
609726972
774925775
346607642
986879799
72882629
181180573
177222808
600587660
524283454
114532429
550041833
956200292
493031967
285042995
360407545
136775854
525676858
892814599
31173401
604166146
626229882
45759513
519414088
927808453
890180925
488284115
122259963
114264038
952770203
379475229
891560845
259710432
92952598
654188174
634709667
920508034
144224606
55306725
606303154
999773783
903555969
122393633
958472041
179663138
890955161
780671836
88217514
55141950
578568121
904665859
499613335
808565840
326538800
22365781
394719914
4085079
109968517
664855253
904002838
837657855
30217399
668868870
74514171
466367234
935037321
26763572
694392457
280502478
743093757
184797531
164540702
12352288
272980394
357637636
380619199
154207202
366579381
518465337
954849294
108012645
362819319
317544076
129375776
263125040
803450541
82397015
58237110
589269218
413411115
383397929
496658804
1307954637
485645798
286619655
109593058
72910358
525236466
933356262
726823171
355122394
92248150
274315359
272484682
235420763
854610854
395183594
772465338
852979225
929400137
542906377
986633015
209250125
545141101
713794459
341620818
188135750
640518549
190606182
467534593
436757273
716707561
536844513
69533089
190621310
430398993
132136605
471376756
699368039
140354505
142154496
843335121
687936025
895253488
166613138
561373985
169852455
241613236
993193895
345371135
683313605
292478839
47376916
414983653
743723303
291803560
904836834
74557794
364866501
449391180
37324487
234105832
551039655
384144064
632999582
1448920124
251854467
481742544
460850028
835082200
405990347
381513888
794061885
893360853
217630745
924833037
499125906
96255864
830842238
456484955
336382819
289388033
407890141
712202459
794232013
235623762
678644181
37620392
127794971
675297364
745555805
354549116
748946905
284522573
907982841
964483054
992325641
347485286
397874562
25961527
399119225
416846231
724408191
122118338
413216741
77742067
298737550
511442190
793366749
76968533
174754043
509840050
354732842
712893883
289362031
945370953
677661151
346462154
595661492
335829215
745394748
215917391
17599388
510398514
273742029
117899845
809173716
722519142
609292811
493641913
800694229
288368289
883698364
117781610
517095803
220880392
186431942
8469420
164011006
827629162
893618794
540394166
418657082
518807901
524532426
839546561
263323425
577061728
939557458
405497364
63041845
681866434
934290310
21074605
525998029
481255043
889023650
930838059
485891763
646574309
238728705
278059869
566207500
446244236
709622531
512038928
969105429
921593209
211919102
143107691
520321947
89447436
114930722
190196894
726722539
760532249
70421437
46964349
302485671
788557261
14468192
444672854
866296143
311112503
945030748
566874745
186257515
137910091
162757612
821618066
943879679
210417047
520197031
980341825
428114497
689370945
577289630
269843192
663359143
765371143
111213003
568554660
930760533
437755326
860446707
249187503
107521554
370540238
557970294
402915884
449716679
819495663
833967057
488860610
204642517
322624981
416560609
498935800
368651403
478456198
606544580
219060428
748179380
621123405
670673376
304884735
990861251
876636828
666409061
534596739
438376448
385387283
251021700
190826298
349356573
984068340
246473455
575391055
411440905
983251429
367396029
738683268
493678770
723430343
635600895
259618547
694781204
724559869
778702322
196011185
861519561
745079327
35655582
914669468
753873017
101505327
690197951
192860997
330909669
573457040
326396931
228123773
967699905
13686234
275276817
565078965
61674298
770003171
269937557
529111976
477283251
646303524
620114000
83983098
90994659
462654904
309212212
472571841
506119294
219415052
832131076
52172277
412808528
446832232
231694922
119849336
647284566
279279373
593922351
546921344
924123706
283096307
47487086
997836806
310438586
122075703
167032030
369198613
557174621
740362684
272541873
961701710
711599996
363651924
499326552
406541820
819917397
892489627
919499398
935927823
910482648
59025857
811633948
516190660
858676655
672469159
126101871
893056846
939509324
499576426
746968694
742401673
304127592
119210970
454122309
127291885
489965230
866087017
459227723
481751336
816501488
91431974
259420550
782670627
838702412
854837477
424079157
950068006
514116535
979091483
685781394
51701931
936142257
859863828
689523933
1709651086
961771176
28090004
834964033
62977286
58553626
564671733
857388620
418038299
58724672
190698816
734375977
139314348
272756894
741227375
988615877
929371365
549199946
565100471
199159818
336819386
953443469
427234788
140817279
245250272
60891839
58345833
245611542
399299169
77679742
613062418
64367512
357356294
343325286
245144174
815922259
52207249
493698933
670069054
298132463
103456085
511077019
252534389
88958526
279954454
405467118
333864096
666536035
400853804
24589002
815835972
211611856
455245789
54031867
737027254
310357638
217177959
79672264
520883143
685161094
378976770
441742958
398830393
314908065
316295076
996807903
179427720
492688321
385293058
289179886
347348475
94995273
865201409
128350737
38093976
989481766
1225449742
308086351
659197477
147492898
941837689
700755102
777676632
543933231
841053422
330192217
723587416
490168426
402326765
688054762
329113730
934899660
441417331
845754827
429793976
16244750
53419418
183404055
682423675
185234983
553502848
328679445
937939246
27428223
30312658
549147983
491849043
978132807
775984761
422491175
599416870
476442829
501054584
626122329
742908095
756841155
898603974
62808366
924972866
611249363
291438884
